4
20	0
25	155
27	190
30	240
3
20	-60
20	-30
20	300
3
20	-60
20	-30
30	120
8
20	0
21	20
22	40
23	60
24	80
25	100
26	120
27	140
8
27	140
26	120
25	100
20	80
21	60
22	40
23	20
24	0
2
21	0
22	34
2
21	0
22	36
100
21	886
21	115
16	1135
15	492
18	1021
23	427
20	859
22	1126
24	1026
17	136
25	968
20	429
19	1130
15	1123
18	1135
25	1002
25	258
22	567
22	856
17	442
22	573
19	119
15	937
19	1124
22	1170
23	1126
17	980
22	273
21	770
20	481
19	525
19	327
21	905
25	129
19	257
15	1095
24	945
15	567
16	764
21	950
22	408
19	1178
18	384
17	251
18	799
21	660
24	168
24	412
20	186
20	1139
23	970
23	778
20	201
19	902
22	492
20	356
25	680
23	241
21	89
23	1019
19	729
19	517
25	971
20	275
25	127
25	256
15	753
25	965
25	683
15	224
25	471
21	29
25	419
24	168
18	1115
17	549
22	323
24	1045
20	651
22	755
25	688
23	1028
15	350
18	700
15	964
20	514
19	656
21	891
17	1165
24	736
22	551
16	28
18	1007
23	121
24	1195
15	37
23	193
19	428
19	1011
19	729
1000
30	4
26	-413
24	-40
26	-528
16	117
16	524
16	-383
30	172
23	390
12	-554
28	-482
30	397
10	-4
12	-422
30	-543
18	-340
18	10
11	-61
17	-305
27	-244
13	-65
29	-282
24	-237
12	0
21	299
20	68
13	131
11	-133
20	363
15	-299
13	573
19	590
21	-266
13	-490
13	-342
23	-45
11	18
21	-148
10	-9
12	342
10	501
16	121
30	199
12	139
21	467
16	-527
28	-58
20	22
15	-481
18	-292
27	50
19	422
14	-242
24	-98
13	590
28	-219
22	-355
11	179
25	-176
26	-460
21	484
14	221
30	13
15	126
17	-202
12	584
16	-468
26	-472
10	-498
10	-553
28	133
21	-90
14	-546
10	-500
28	197
14	103
16	497
11	486
27	196
30	357
26	-60
10	-60
12	-427
12	-556
24	297
29	-239
22	-3
15	-47
29	551
15	-139
10	-327
27	-49
24	229
23	-177
26	371
16	-167
22	395
22	-429
13	140
13	-26
24	-42
16	423
25	-309
10	596
12	-234
29	124
21	368
15	-512
29	-546
19	-316
22	-529
14	-47
16	480
26	457
27	-286
11	-512
19	-279
17	-189
12	-41
19	-387
23	-166
23	56
13	460
30	405
21	318
22	-73
21	437
26	-7
28	514
28	300
12	238
10	474
29	481
19	70
23	439
20	-22
26	247
11	-282
18	391
22	521
14	491
23	231
12	-140
30	98
26	-316
17	231
27	-4
20	18
25	-462
19	177
15	-504
22	407
10	544
25	-527
24	-160
12	363
27	111
30	91
21	414
14	-393
22	-82
11	-317
13	-374
11	486
30	-474
19	179
13	-575
22	-110
28	-17
12	337
11	143
27	525
30	18
22	563
23	-458
25	371
13	285
25	204
30	-250
18	-285
22	239
21	-367
29	-477
25	-265
21	-155
10	-411
15	196
10	-470
14	-227
17	-483
20	430
18	-150
29	314
13	-447
16	-435
29	154
24	-486
23	-559
16	483
17	-523
29	-522
13	21
28	147
27	-69
27	103
15	107
25	206
19	-84
10	298
19	498
28	371
30	-506
14	424
19	0
18	453
20	138
25	67
17	187
15	122
19	450
21	-454
25	213
21	581
25	320
21	581
30	496
14	-322
25	-297
13	-381
26	-457
28	-199
14	-483
14	377
19	-132
28	66
11	282
17	286
17	390
19	-76
26	492
22	439
25	-536
12	443
29	582
19	-355
30	-215
13	-53
21	-183
19	297
10	269
25	-549
10	-39
22	10
28	-90
23	352
15	177
25	-166
11	41
13	-98
10	576
17	-28
29	308
29	597
23	174
15	125
23	412
28	221
14	-439
28	359
16	554
15	172
14	-252
27	482
13	354
10	306
25	590
17	572
27	-59
25	80
18	190
25	552
20	269
24	83
24	-500
22	-267
28	-232
24	75
26	-212
12	-436
27	-244
27	214
19	-126
18	39
23	552
23	390
21	31
15	-135
16	77
12	398
15	155
14	-356
13	-223
13	358
14	45
15	590
17	-500
10	-364
27	259
15	244
15	-151
29	419
12	-504
14	-75
27	-167
24	-329
15	-331
18	-407
28	383
17	472
30	262
18	-597
19	141
21	-74
10	-85
17	230
30	-298
24	424
19	-41
23	-280
15	-589
21	-523
20	293
16	20
10	413
28	70
10	429
25	543
11	-424
25	186
28	-569
27	30
15	187
18	449
15	-539
28	-130
23	149
28	81
27	333
18	87
27	-519
11	-444
17	459
14	-353
11	-305
10	-399
14	515
23	453
27	-287
17	162
25	-5
12	511
12	-403
10	-221
14	443
19	-528
25	300
30	187
25	-589
11	-26
22	-236
14	92
24	-121
13	-366
28	323
15	284
12	131
27	-365
21	469
30	422
15	169
18	-476
15	340
12	572
13	-327
19	-12
29	524
23	186
14	-194
17	-341
18	437
11	590
17	113
19	-257
12	146
23	225
15	-421
26	-434
14	-556
10	-72
15	311
22	61
12	16
20	-544
25	-67
27	357
27	-250
30	476
30	553
16	598
28	-537
28	-540
24	-483
18	-209
14	539
16	104
30	364
14	149
24	-139
20	-386
30	279
18	-7
29	161
26	-253
16	294
21	181
30	387
28	-238
10	-520
20	-486
14	-63
18	410
26	-142
17	-225
20	-253
10	148
21	-516
10	159
15	153
12	203
30	-307
21	154
20	534
22	-584
13	163
17	160
19	185
18	-497
15	149
26	-234
18	185
30	-386
29	-492
14	-169
18	166
28	-33
13	447
12	-100
20	429
20	508
18	-575
14	-340
17	318
21	-299
12	508
23	-103
28	-432
20	-210
20	196
27	-296
28	465
16	161
25	387
20	-581
11	-479
25	-493
25	-535
19	-542
14	-163
13	500
12	-234
17	150
29	-139
23	93
22	-182
12	-323
10	551
18	-465
17	413
15	577
25	264
30	-507
11	340
19	187
23	593
22	-20
26	-371
13	134
15	367
15	-67
10	-233
16	132
19	-523
30	347
18	-535
24	368
24	-339
28	136
26	-52
23	4
16	140
29	197
24	-78
24	170
19	320
20	460
24	67
12	292
10	153
23	-62
17	-598
24	576
22	503
11	473
22	423
24	-244
29	412
29	-347
30	534
12	142
23	438
19	558
29	284
16	-490
24	323
18	-320
12	-352
18	407
13	-125
12	-158
26	-160
19	373
27	148
26	409
28	-232
22	-433
13	-127
19	231
19	-541
29	258
24	501
28	-67
14	-132
12	-105
23	-457
15	61
23	569
20	-138
29	-418
22	-392
22	554
25	-143
14	421
11	-120
18	434
30	383
10	-142
25	-63
20	-554
14	-292
11	34
23	-294
19	-244
12	-384
20	525
20	-402
17	-96
16	440
28	-112
16	-254
20	-28
13	-288
30	-397
13	94
25	-582
15	-269
10	-417
17	-499
27	-550
16	-492
15	364
16	121
29	-10
22	102
10	516
23	-239
18	6
14	-311
26	265
20	176
21	334
27	-527
30	-97
20	-239
15	-386
26	567
23	336
30	-37
11	-567
27	-134
17	-295
16	-231
21	230
15	-442
13	-361
17	569
24	135
15	-180
18	-500
27	-196
29	114
28	-16
29	-25
10	502
23	-349
24	-435
28	399
18	-102
21	-599
29	-213
12	-566
21	194
12	-576
25	-9
25	284
17	235
18	-181
16	-562
13	464
28	-453
17	169
29	505
27	-142
21	365
16	-65
13	307
18	358
26	560
17	38
21	596
12	-30
30	7
28	295
24	-567
18	229
24	231
12	407
22	62
16	496
30	510
13	69
12	90
15	-169
24	-282
10	295
28	-387
25	-51
27	-564
19	-193
23	1
17	-194
27	-589
10	-595
25	-3
17	482
15	48
18	-105
12	267
14	-390
27	368
25	93
27	-51
10	251
12	35
26	75
16	0
18	-42
30	360
23	64
26	355
13	-542
27	96
30	-58
26	246
26	-94
29	250
11	253
27	-155
10	-519
11	444
18	-529
19	-370
27	-58
21	-86
16	-313
19	21
11	-458
19	529
27	253
12	372
15	-302
28	-240
26	486
26	546
13	351
19	-433
11	192
14	-271
29	-181
24	-588
14	151
21	259
24	514
17	372
16	329
19	-230
16	78
11	-478
15	386
12	-425
20	439
27	-358
17	-55
11	189
14	-246
15	-293
21	-350
28	-28
27	456
10	-441
24	-458
28	-458
22	81
15	-518
29	-163
19	318
19	570
26	511
26	-412
14	455
23	379
18	89
25	-195
18	11
23	-511
24	-326
10	432
25	-161
30	241
28	-210
21	494
17	-83
14	537
14	213
21	-398
13	-241
20	-35
27	-131
14	309
12	-424
24	-71
22	306
22	-389
17	-256
10	-570
20	502
15	-18
22	-42
15	484
10	61
27	-324
19	556
11	-247
20	-544
11	-257
19	-251
14	-499
15	-89
19	-384
21	72
19	68
21	-18
13	253
20	215
25	469
16	-109
17	432
16	-522
29	-13
18	-64
23	-250
20	-394
16	-204
25	67
10	593
12	-54
19	50
13	350
25	-148
20	-177
15	-354
29	298
27	70
10	-269
30	240
24	-488
20	-416
23	-27
13	-259
25	-399
23	-167
20	-88
22	-76
14	239
21	-442
22	-306
18	293
21	-586
12	509
10	-426
22	-49
19	-581
30	-120
21	-214
23	-539
18	135
27	-257
14	-107
26	283
12	437
26	148
28	-368
16	549
28	159
19	-421
13	375
19	-262
30	497
16	-261
19	-517
14	-359
11	-59
22	57
16	430
14	-217
28	-213
30	-123
22	594
15	163
11	-539
29	349
18	-242
26	304
28	-302
18	204
26	-301
21	-127
15	-539
12	445
10	-480
28	-232
21	-203
28	-160
29	52
24	40
18	-48
16	348
24	354
21	-563
11	-142
24	454
21	-164
22	-177
15	-304
10	-375
28	-360
25	-223
19	-88
21	-549
15	-425
25	-151
25	-182
24	-159
13	-386
14	-567
10	-409
19	109
27	251
16	-70
11	364
10	-164
28	-303
16	32
30	-567
30	304
25	-92
24	475
10	0
18	573
15	359
23	450
14	-102
20	-431
26	61
20	-498
21	-421
26	190
26	380
12	479
14	-436
14	-428
29	359
30	-58
27	284
23	-329
23	158
23	-182
13	-261
27	-47
12	-562
28	371
15	-238
11	-217
19	-340
19	327
30	-482
23	-298
11	353
11	-47
30	-555
14	-186
11	-344
28	283
12	434
15	507
30	255
23	349
28	-483
23	-438
27	92
21	235
10	-95
15	383
10	-557
11	302
11	-50
17	-208
25	358
11	161
15	-368
14	341
29	453
22	-444
11	-533
27	-459
14	-550
14	-440
16	-180
21	371
28	563
16	-361
27	54
23	-483
20	587
17	-450
22	-329
30	-129
12	55
26	-487
26	518
21	-137
24	-35
14	205
14	285
25	481
29	-599
23	-89
14	7
18	-215
13	-274
24	304
12	46
21	-306
13	328
14	-397
18	372
26	-203
20	83
27	-191
18	-52
26	-228
10000
4	-1184
11	575
15	684
32	49
34	74
3	135
13	-1066
22	874
6	543
8	1047
34	-722
18	804
37	298
9	689
18	762
31	-516
8	-640
20	-541
24	-1138
39	905
3	250
15	67
2	416
26	-424
19	-241
6	-591
40	-231
12	690
18	713
32	-352
13	-786
36	800
15	473
20	138
18	-196
18	-1073
6	504
26	1107
27	1005
6	948
34	81
40	676
18	-291
11	422
29	560
7	969
1	615
34	1192
30	-139
11	-496
24	770
15	-361
6	538
22	869
17	577
1	255
18	-496
19	-681
40	302
26	-424
33	-1047
8	61
12	-1018
19	440
9	-16
30	296
29	305
27	196
18	1075
27	-1053
13	725
9	172
39	776
7	426
4	-394
10	-1096
23	-396
13	-463
36	440
33	-818
23	543
5	-383
8	-701
29	-1187
3	662
33	551
23	966
7	-850
19	-37
19	29
39	-404
17	1008
39	1055
29	-363
5	77
16	-709
35	-12
11	-690
9	541
32	639
1	1189
25	517
32	-347
13	255
22	172
13	-139
27	-54
40	1016
30	-384
10	855
11	-847
24	-903
29	207
17	1011
32	552
5	-196
8	-143
6	-862
15	803
37	-4
18	-894
13	629
37	-217
8	-1065
27	-1137
18	861
29	-100
37	-66
30	600
39	-197
15	-1046
31	-1090
23	846
13	1014
15	-152
2	130
25	-590
31	-386
3	-887
18	925
30	-860
17	-1042
33	824
10	269
21	883
1	324
35	1188
1	-370
33	1132
17	182
39	771
11	547
33	-491
22	821
17	-553
37	826
26	452
38	-732
36	-36
1	-1012
4	-962
19	932
29	1165
23	-458
38	1027
16	623
31	928
27	485
33	32
3	-105
36	-428
40	519
15	-1067
2	-1
2	838
36	-13
7	956
39	-902
26	574
10	-256
6	-131
36	122
31	-777
31	890
34	932
31	607
4	1093
17	443
27	589
30	718
18	995
19	830
18	-1013
37	1155
16	868
34	-1179
17	1014
36	950
37	-976
12	-1126
3	655
38	1193
36	-11
2	-927
19	-342
8	647
4	303
38	618
27	-94
5	-505
13	60
8	937
25	-364
16	1166
2	984
16	752
2	-227
1	856
31	682
29	646
33	970
12	-249
17	866
25	1081
32	354
22	401
11	2
23	875
14	-865
12	-805
27	1117
30	-760
34	-929
11	433
26	57
18	990
9	280
12	-134
40	820
22	-383
2	529
33	-470
18	1143
28	-866
40	803
29	740
28	581
22	-552
2	-663
8	44
10	-46
10	-790
2	127
11	475
37	866
1	454
26	-842
4	335
36	-656
8	975
35	545
39	1186
25	907
34	-989
22	-1017
13	-1049
16	-875
33	630
2	-945
34	592
31	-658
26	-616
20	792
13	-777
33	-238
7	682
27	-450
10	-122
39	955
5	508
19	379
17	964
34	655
37	779
22	611
16	-169
27	-756
18	-317
38	35
4	72
33	-1050
1	618
16	-811
16	-840
1	493
8	788
18	374
22	-1183
28	741
29	696
11	88
11	-280
40	336
5	903
21	-855
8	-782
5	872
38	-373
20	961
30	1189
31	-719
27	-282
9	-841
26	157
4	-1057
26	905
5	1069
30	-259
30	1190
12	651
9	-762
7	-28
6	-268
12	245
2	800
6	-26
25	262
36	-331
21	920
38	-723
37	-932
36	-290
28	-775
14	-179
38	-1100
7	-297
25	-954
32	1189
19	-881
20	991
40	307
15	-254
9	1114
24	-479
4	-556
16	-354
15	-778
35	850
19	1180
35	-559
14	838
6	-1084
40	-973
9	628
30	-791
30	-918
40	332
4	1199
30	1097
17	-803
27	-336
24	133
28	-132
18	-613
8	202
34	703
6	-863
5	1138
6	-319
27	487
7	233
18	569
33	548
13	-438
21	-365
12	-390
33	515
27	672
20	157
22	-504
19	-222
33	999
20	671
19	915
24	-455
30	-1138
20	-283
25	-269
9	249
24	822
38	-393
6	145
7	564
37	-934
24	-317
1	-467
7	886
9	391
35	-471
19	-246
18	555
40	-433
14	-799
3	155
35	-491
35	971
38	-289
11	658
6	-204
10	-782
21	0
32	-831
13	-676
37	558
28	-545
17	1091
24	88
30	219
19	56
39	-698
17	-918
23	261
29	-73
27	-70
21	337
17	345
17	209
26	-670
5	569
28	727
26	896
24	-78
38	-258
16	-685
24	665
10	1041
15	-737
20	-394
37	318
30	218
33	523
2	739
24	496
32	-823
30	1078
38	959
31	-853
17	705
33	733
19	994
4	986
37	-779
28	-282
29	274
4	1175
35	572
20	-714
15	610
4	-435
23	-53
21	-896
14	612
18	-831
30	-259
17	1134
2	-521
27	-1012
18	946
25	-221
6	356
12	16
5	781
8	-990
22	291
14	-707
22	68
34	887
40	-64
9	560
5	357
14	449
39	-125
28	-1012
40	146
32	-551
30	1004
29	-877
40	-389
30	-149
34	-594
33	927
1	-846
29	-465
40	-617
21	-8
30	-829
19	-497
15	728
35	-918
7	-1143
17	-1055
28	-527
36	836
17	-427
15	-87
5	876
40	-1166
24	1140
37	366
39	-605
36	661
32	841
34	916
13	-204
2	899
6	-655
32	-126
26	189
37	737
30	-16
6	-523
38	786
29	451
16	-1183
30	1056
3	-222
13	565
30	-182
27	-651
22	-840
23	1046
37	275
4	-1103
7	1118
7	-1099
26	-781
21	194
22	855
4	-1153
36	254
4	668
39	-656
28	1059
28	746
4	-272
28	538
34	150
37	-83
22	878
11	-874
40	-789
35	1148
17	-335
22	-355
17	1190
31	297
18	650
40	-1118
36	-331
26	-141
30	-540
6	-526
7	374
28	-1187
18	-483
9	65
2	363
25	722
11	1149
28	-894
38	915
38	681
18	-847
6	426
28	164
33	-684
22	478
6	542
35	465
28	772
3	289
38	-159
31	328
31	-285
27	-385
18	-617
26	-430
30	475
35	-1022
22	-849
32	451
29	-720
27	983
32	-413
8	551
28	-680
13	866
27	-127
24	-881
38	-535
24	478
12	-426
30	212
17	-1035
2	-75
11	-742
38	-474
7	453
11	516
30	-986
18	-729
9	-740
33	-330
32	178
5	-219
1	342
37	459
12	-857
1	459
16	288
14	-345
2	586
16	530
34	1162
40	1198
40	1190
23	-266
25	1197
7	-510
10	285
39	-211
38	-412
9	468
22	93
5	324
40	884
25	818
13	602
18	1041
3	-602
36	1121
38	-430
27	-118
26	371
11	-167
2	-927
7	-943
6	676
27	-485
38	-127
7	594
34	1032
18	330
30	-715
8	-805
30	598
16	-84
12	-1081
3	-340
27	417
22	-255
9	-209
19	-898
26	888
37	-127
7	-636
16	-403
8	246
29	769
15	467
32	-88
12	609
8	-907
14	-604
15	920
5	678
33	-453
17	-341
35	521
32	1127
31	238
14	-2
29	249
31	-815
25	-509
26	346
15	-218
7	915
38	-621
29	524
16	-195
36	-240
24	868
32	-931
4	-467
40	-453
3	-1027
12	546
25	-103
8	323
29	-971
1	-86
23	-181
39	964
37	639
17	-479
15	1161
40	244
3	-469
28	-308
9	888
25	49
33	-543
21	573
21	-250
40	1138
32	833
35	1104
25	-818
37	-597
5	965
24	-69
1	901
40	234
3	1046
5	205
15	-68
10	-462
1	1086
22	-1195
30	-1111
31	607
1	967
35	678
34	0
3	-1125
14	-931
19	-580
39	1020
38	-321
27	343
21	-1125
4	-1166
1	-512
24	585
21	-1139
15	912
37	1090
26	1081
21	150
11	-96
16	1036
37	992
9	864
19	-888
30	908
6	-635
33	-983
32	368
4	-228
17	-910
37	1126
22	634
14	402
37	260
38	-562
17	527
21	-240
28	631
35	674
25	-1042
40	-30
35	-812
30	-457
1	-1173
21	-1002
21	-731
16	-423
34	322
21	-1157
29	-181
27	1092
23	126
13	-1027
5	1060
9	-760
8	540
14	-187
20	1180
9	-993
25	1053
4	-1071
5	-973
10	-545
32	-541
19	-21
9	-748
10	1
27	772
6	-941
14	685
35	-200
29	364
22	-293
34	796
26	295
18	143
22	225
5	963
8	-1128
37	-533
38	-207
31	396
28	-729
3	1034
38	-819
15	348
13	-161
12	445
15	684
40	-320
30	-758
12	-1020
39	527
32	529
13	-367
17	-61
4	1065
9	-276
16	-723
24	242
4	223
32	866
8	-985
33	-728
4	540
34	-1068
4	-903
23	-271
39	839
20	982
33	-737
12	809
3	-1096
33	-281
33	-244
40	-110
13	225
11	48
5	-1078
3	-49
34	881
1	-1084
34	478
12	-791
22	-503
12	-335
22	-347
15	-757
32	-993
40	-1075
30	1101
38	-93
6	-966
31	257
17	950
40	-833
4	126
34	-932
24	1124
5	1043
35	-825
26	854
22	739
17	-730
2	-258
3	769
19	1173
14	1198
6	894
24	490
29	-884
15	-909
6	451
3	1187
17	-660
13	223
2	-561
29	1175
36	772
40	347
39	975
23	-861
13	946
30	-148
2	276
32	-1080
31	993
36	-141
31	1009
40	-768
11	-318
26	980
22	-712
22	-253
8	686
15	717
37	620
13	-15
3	805
30	636
13	1198
3	975
6	28
4	9
15	57
22	1183
21	860
14	-352
21	1186
4	536
28	300
1	-254
35	-59
12	-1015
35	21
25	-954
12	-94
11	-340
25	280
36	75
35	142
32	655
4	-689
4	460
6	-927
25	-871
28	162
2	972
1	68
26	-303
19	969
24	-160
3	755
1	878
7	-396
33	1060
14	807
1	1
8	1041
7	-666
1	116
10	539
34	-141
27	181
25	1179
37	52
33	857
30	-89
32	136
21	1134
18	54
31	-144
29	857
29	-836
12	-540
39	-896
39	728
6	-550
14	-981
15	-393
2	-290
25	-793
19	-861
2	-401
30	-293
6	-931
18	129
7	246
5	-931
11	825
31	-98
10	914
12	-212
32	885
40	-715
20	-32
17	442
14	-48
33	493
33	215
26	1198
22	-247
11	-258
13	-42
17	433
25	773
5	1109
27	-474
7	266
30	-618
39	-723
27	377
1	-867
19	-512
3	208
6	-952
2	429
39	1167
37	165
8	754
27	513
3	-739
19	651
13	109
1	704
30	-749
25	630
40	-1141
10	777
5	737
11	-35
20	1069
38	-487
35	-451
25	-651
14	673
36	-937
39	856
9	-905
24	502
26	-1112
28	-211
34	80
18	386
16	-90
6	456
18	-883
12	602
19	-282
3	-938
5	-923
33	1102
3	1015
29	-465
18	-760
10	-206
36	-255
38	-338
17	-396
6	-710
16	466
19	-51
24	533
22	-1
6	810
32	12
35	-327
1	-644
1	-973
35	-170
16	785
31	-683
37	779
11	800
9	285
40	876
37	-982
9	1134
23	-1086
33	-1121
34	976
21	1078
19	-275
22	-637
27	1077
27	1157
6	-233
17	-114
40	1136
20	-449
10	-1162
25	-494
36	544
18	-645
8	-304
27	330
3	-1087
1	-503
5	774
16	-473
28	-122
8	-859
27	-614
32	24
27	383
19	1130
40	1092
14	-404
15	1048
32	-16
10	123
14	-1003
40	-981
34	-684
1	-750
17	-560
2	-919
35	-365
12	-1059
35	-42
11	-163
14	536
4	-807
1	-320
13	72
17	368
23	1042
1	-76
15	1079
38	25
28	-988
22	-841
11	445
21	1117
4	129
1	-266
38	-608
27	-201
21	-295
34	244
1	912
3	725
21	-336
38	1076
15	-31
25	-703
27	901
39	-199
39	660
31	-445
9	-446
6	680
13	981
9	-810
10	985
13	1081
33	-267
22	1137
12	1015
18	838
28	278
22	323
13	-968
21	256
17	-858
36	502
39	-654
15	1076
23	-767
18	-376
11	-995
2	-288
34	-181
6	-161
21	-457
13	-604
6	603
26	9
23	-1071
28	1
22	-843
23	445
11	-1038
15	355
19	-408
2	-980
38	1106
17	203
16	-258
31	1085
6	626
24	-360
3	-610
11	296
4	27
14	-308
29	-1145
30	794
9	329
4	-871
39	396
30	252
34	-374
28	-97
18	780
15	834
33	14
29	123
21	-324
30	-487
5	-117
38	-907
23	52
11	-640
16	-977
7	-271
19	-1056
8	-836
31	-168
15	158
23	-194
28	903
36	-597
19	-1088
11	623
24	-781
30	-319
11	1086
27	628
39	123
18	297
26	-1196
14	-672
6	-1002
38	1085
39	-148
23	-577
24	-339
13	757
2	-955
38	924
11	-782
16	-587
18	-392
20	341
37	1059
3	273
33	-736
30	-740
15	102
35	-531
24	-1021
18	428
28	197
1	-568
18	964
16	-119
31	751
17	1052
1	946
13	-412
29	-596
11	-645
20	-33
21	-465
27	1122
20	-809
38	951
25	-688
33	-1128
6	332
31	72
29	-282
7	701
23	-873
8	1139
37	-510
17	-460
20	-524
4	-948
39	634
14	816
9	-964
9	1010
35	305
5	-1112
2	300
17	388
15	927
21	-923
27	-473
6	-486
10	-566
16	-1006
35	992
8	989
33	70
8	246
35	420
26	-432
38	1059
36	584
10	633
28	640
1	-955
6	402
28	826
29	-833
11	-739
40	717
16	-514
33	-622
40	-1151
13	-171
32	1091
36	-968
29	-915
13	-736
27	466
21	-537
8	672
6	144
29	-143
37	35
37	-1178
33	614
23	-34
39	-358
1	-984
23	285
33	244
38	370
17	-398
28	466
1	-14
34	-846
27	-820
7	59
4	451
26	-833
26	226
17	695
25	464
39	331
9	1171
37	-476
31	-414
11	1053
30	376
34	-753
34	-818
7	-747
22	-683
35	1121
26	-49
24	1045
28	627
12	-30
40	-811
39	-4
31	-150
2	436
20	-1090
22	-956
27	854
35	797
40	-784
4	-787
20	-18
13	-976
39	-47
35	560
11	811
37	64
17	202
7	-1196
26	-628
32	-111
21	-202
21	574
25	-284
12	-151
27	921
12	29
25	646
13	1124
29	109
22	-132
34	872
24	1092
23	-797
29	840
35	-106
36	389
29	1093
16	177
40	-486
3	259
38	284
27	-227
30	922
38	510
29	257
13	-972
27	673
38	408
14	879
2	-314
11	-871
5	209
11	598
6	-628
33	448
6	981
40	-559
7	676
32	-409
15	-571
17	93
15	-1049
33	579
12	536
22	208
9	-405
9	1164
33	-331
18	482
35	-409
5	-17
39	792
1	416
2	307
23	-129
21	137
23	-457
33	562
39	859
38	-885
9	-602
25	-880
10	-1080
7	954
13	-776
27	-148
38	51
14	195
1	905
15	-542
37	-382
37	-518
21	800
21	606
9	330
37	-676
11	354
35	-527
20	680
17	446
20	-1082
24	-911
21	-371
10	584
1	304
32	-860
12	-1191
35	57
13	916
16	885
34	-144
34	1199
24	-131
23	-420
12	-972
19	516
15	-47
37	322
27	334
16	-142
4	-287
34	-800
15	855
39	-549
8	-840
32	-859
5	-785
1	-622
6	-48
8	-95
6	858
21	523
27	497
4	-1008
34	1087
37	-1038
27	523
25	235
17	1081
16	1080
36	1117
24	137
35	-395
30	-119
7	432
24	-260
20	967
33	-903
21	40
16	967
27	722
9	-297
26	-844
28	113
23	911
32	-974
32	313
35	-418
34	-710
25	885
17	-544
14	544
12	209
6	388
39	-890
17	754
15	-665
4	-300
16	-245
21	-29
32	-1085
38	-930
14	54
33	899
38	-338
35	-706
6	712
2	475
9	-402
5	-182
7	286
25	-235
27	-680
30	65
22	54
16	8
4	405
9	-359
35	639
25	403
37	890
15	946
35	413
29	-554
34	1055
18	262
19	977
13	-266
1	1180
24	-716
22	-105
17	79
8	-225
32	-245
40	-1038
23	-895
7	-874
28	-486
40	-558
11	-294
25	227
2	-643
5	931
13	-922
23	681
33	-616
26	-734
28	-593
16	552
16	754
4	-898
18	531
22	-1095
12	-459
38	-522
31	-146
32	-443
18	1190
11	605
34	572
31	608
7	817
26	-430
17	-873
1	-1191
11	-373
37	-164
37	-94
30	-1144
7	-129
10	-239
24	5
9	-70
33	518
5	-1071
11	-361
4	-558
32	-1194
18	-816
34	1174
15	-976
3	271
1	-791
29	-383
10	708
15	238
25	673
39	904
28	74
32	-339
6	-1073
10	836
12	-796
4	536
18	577
24	-911
31	215
20	-206
3	-273
27	216
33	661
7	503
12	594
8	509
19	-766
27	-389
17	91
40	782
8	-57
2	283
16	-587
15	393
10	676
1	-675
32	773
8	-831
40	-1087
8	-167
13	174
12	-688
19	495
7	-669
19	-1198
16	830
3	101
28	-1140
34	-60
4	179
37	151
6	954
11	-52
2	859
19	629
31	1156
39	-550
12	777
16	883
20	-606
31	1082
9	-320
34	-1002
27	963
8	-101
36	644
37	162
28	485
31	-892
14	-72
16	94
1	782
21	1128
14	-74
17	-1041
10	-428
31	-265
2	1004
31	1034
15	1119
6	-734
23	-1086
40	-27
19	-712
25	-400
13	-569
37	1031
23	433
6	255
2	-1030
21	-467
15	849
32	-800
8	-618
19	-274
23	-367
15	1043
25	-66
38	-1023
6	-504
4	485
17	-211
28	-114
18	-122
40	-1012
22	1074
38	240
6	824
6	-582
14	899
12	-142
29	598
7	-457
25	-594
13	-873
4	-847
25	-236
18	921
21	439
8	-1092
11	-1016
11	676
30	-75
36	859
36	-752
16	27
14	-251
21	421
4	-953
9	472
33	1034
31	724
20	-106
27	-141
28	-457
6	864
32	-38
14	618
29	533
4	861
15	-805
10	-507
25	-567
36	-945
18	684
32	1009
25	1072
29	405
7	-986
18	501
13	-395
3	-836
38	452
18	-167
20	-344
23	535
19	-271
36	300
32	546
40	-1115
22	79
8	522
14	-1119
27	776
25	-1188
19	410
15	860
11	176
4	527
16	-398
8	299
28	187
3	-920
31	667
19	723
31	574
10	-28
13	-510
36	25
37	760
33	320
21	-1147
18	-1181
39	524
36	542
21	1084
40	285
40	818
8	-933
15	330
21	122
6	-1094
10	664
14	302
30	1137
9	1109
2	980
7	60
10	-779
30	-914
11	366
24	283
16	852
30	97
39	-1086
31	94
26	-447
19	-973
38	982
23	4
9	494
38	-230
34	-5
13	-506
15	-705
25	295
25	-712
5	-691
37	-200
8	-174
6	943
9	932
8	-37
18	970
38	-784
25	968
18	584
18	-1108
24	56
13	256
37	-221
28	1021
1	-188
20	-478
25	-435
7	299
4	516
25	-686
18	-229
11	-833
18	102
1	81
36	1002
28	821
31	397
1	-83
28	526
32	390
16	-719
16	-1009
33	-939
22	1099
33	374
17	-353
6	455
23	-616
12	-955
37	506
28	-233
40	-689
38	81
26	-182
8	-1167
39	823
36	1180
37	275
34	-806
36	42
13	-221
30	372
16	-130
21	1147
37	-754
19	305
34	620
17	-48
8	-721
35	-269
8	281
6	-630
14	-1125
22	657
37	-1173
19	503
24	1049
2	17
14	425
33	-1179
37	738
23	-183
13	908
5	242
24	-1118
30	-257
13	880
16	-73
28	1007
1	-391
35	-667
38	-361
16	-1045
8	-449
9	425
15	-174
37	-1059
28	-594
37	381
22	-293
19	247
33	877
23	-412
2	-1179
22	939
1	866
29	-262
10	530
24	-486
37	-59
33	77
16	-430
33	804
16	-205
8	-427
25	-539
40	-448
35	-889
32	-384
34	-1140
18	652
2	1139
30	-212
23	467
36	-1154
12	-650
22	-681
14	755
9	618
1	652
13	1149
15	-662
6	-212
2	66
36	1053
16	864
8	365
40	-171
9	811
34	371
31	-816
40	670
21	715
21	909
1	256
6	383
22	631
39	-950
11	1031
34	-56
29	-719
14	-70
13	-450
24	23
13	455
16	-500
36	313
21	-223
17	986
16	819
26	-728
5	1013
5	785
1	-960
26	404
19	-1020
36	1127
3	387
33	523
6	-298
28	-435
8	551
19	-116
33	-196
29	854
1	792
25	-1099
2	502
3	-1006
30	-44
29	423
35	462
15	233
11	185
40	693
33	-1013
38	797
10	711
9	-273
11	-1175
15	283
22	229
13	-475
40	606
16	237
5	-269
19	-378
5	987
12	-435
18	797
28	-1171
5	-1144
5	69
5	108
23	-115
6	592
2	282
28	-286
37	258
40	-355
9	975
14	-139
16	215
37	380
33	674
9	239
15	792
38	-380
1	-768
38	327
25	-936
14	-829
28	236
39	832
23	1176
34	-305
37	391
2	1108
14	548
36	346
6	802
30	-335
34	-443
6	-1193
29	647
7	-120
15	556
8	190
21	-155
3	-711
32	-516
21	545
39	-91
37	-568
27	308
26	-1186
10	-193
17	-520
5	-501
29	903
23	6
11	-298
22	208
21	324
21	-630
20	-256
12	1057
33	-1026
3	70
1	-290
30	-832
7	-802
2	-535
39	-475
37	-967
23	-259
27	-870
33	-814
31	-1129
2	-769
36	-799
28	-37
38	1078
16	269
38	-225
2	407
23	-305
13	-609
21	991
27	752
35	-1147
35	134
29	-411
30	138
27	-135
24	537
7	-751
5	-635
18	15
39	-161
22	515
4	-1061
24	1049
34	-518
33	297
9	-1000
32	838
32	-683
2	852
12	-570
38	464
11	-627
31	602
23	-267
25	739
34	899
21	450
38	-754
3	-515
22	1078
3	795
2	-1166
23	276
4	-90
24	-746
13	1180
2	-1080
22	-1197
4	471
31	-613
28	87
9	960
9	-342
4	-1186
35	761
29	214
10	47
34	-748
12	-104
18	1014
30	-801
29	-281
35	81
37	805
1	-671
40	-419
11	-948
22	-1014
23	-1017
7	-274
12	215
16	-436
20	-550
39	338
4	-738
11	450
23	652
3	26
12	120
36	206
35	897
26	584
19	1075
13	314
4	1037
26	407
19	-190
32	-432
20	-1035
25	-903
16	697
23	1074
18	-412
3	-344
6	-1179
12	836
27	934
15	-726
21	377
27	-201
31	328
12	-623
9	-320
10	323
36	-120
12	451
36	918
9	124
39	-497
25	955
33	-506
11	749
23	718
39	-639
40	826
13	-1118
22	-1073
5	33
27	-832
17	408
9	512
1	642
16	176
31	-727
2	-1086
5	-738
11	519
16	516
17	254
35	110
40	990
32	-470
13	-725
24	28
34	-1101
22	-817
9	-827
28	-354
33	-370
22	-876
19	428
1	379
25	983
9	558
9	-943
7	564
23	-892
23	600
19	424
29	-1198
30	-576
13	128
18	-144
29	-1153
20	281
32	167
21	-701
38	-356
1	-494
6	-523
40	552
30	1076
23	-1013
7	594
13	-693
10	365
12	-777
18	-854
24	806
6	-1004
19	-1123
8	-393
5	247
19	614
26	1058
34	-268
33	359
14	-176
22	-671
13	-1068
39	-166
9	93
15	-130
27	-68
24	214
35	1199
3	-792
21	-397
13	18
3	503
38	-821
28	1030
11	156
33	-62
30	-846
37	1152
40	147
26	-1007
28	491
13	-253
18	802
30	509
8	-471
27	-936
35	-965
17	273
31	-824
28	929
15	-268
20	360
8	-929
9	591
25	990
5	1056
39	-11
32	819
17	1081
21	-389
32	-1043
14	-1014
1	101
31	-181
3	-1085
30	569
1	-600
1	471
2	839
19	-299
5	210
19	1063
25	-1063
32	166
31	80
19	-429
16	-949
16	61
28	-582
9	792
3	916
32	-726
35	-230
19	-1061
16	-211
19	222
16	-949
20	5
8	464
34	304
32	266
39	49
30	1163
36	-813
8	-28
20	-599
13	1046
35	-65
30	-384
7	-938
16	-681
13	319
16	-68
1	495
7	-214
9	153
1	597
7	-591
17	900
12	58
22	-905
19	1109
24	-1044
25	796
38	-1075
24	43
9	676
40	-322
9	890
2	941
13	635
17	-733
12	788
36	412
28	-1122
34	-545
33	-834
22	-985
3	-713
36	-754
39	846
36	-1174
15	-506
38	813
9	1040
16	-553
18	-1058
24	-399
24	1073
26	-380
10	-779
29	1126
13	980
26	-889
11	450
30	-737
26	-594
17	-1049
33	24
2	-809
38	1099
33	679
2	-1132
29	1197
21	439
6	-1180
25	-365
13	381
33	165
7	79
33	-876
30	508
25	501
1	-1009
27	302
14	267
19	963
17	-696
25	-920
8	806
1	590
5	-1051
9	916
24	316
29	494
24	-348
40	-966
21	-542
15	-478
15	798
14	758
34	963
2	43
31	826
22	-766
27	-302
12	-261
8	-161
4	735
8	950
11	35
29	-68
26	1061
3	-412
16	-185
36	-684
4	975
10	-1174
31	-777
10	-704
19	67
26	-655
21	272
26	186
2	713
25	1149
29	-144
7	-1066
25	856
19	345
27	-1035
31	580
15	152
20	1138
30	971
17	-915
16	-776
22	-462
2	-838
31	1089
4	-115
37	1057
36	31
20	3
21	184
16	-1112
32	-367
33	-1180
19	773
14	-1123
25	886
40	834
19	-422
30	273
12	573
5	341
33	-372
22	-1164
32	535
1	-540
19	324
25	75
8	373
14	-875
16	-1166
33	522
3	706
11	-447
40	559
33	679
30	1050
25	234
14	-1193
18	358
14	485
16	558
39	-1192
27	2
19	-73
18	-626
29	-735
12	-791
23	924
40	1061
11	627
13	1042
24	953
22	379
20	1189
24	318
20	-706
18	629
10	1012
27	883
3	-765
16	-977
19	841
22	-214
11	393
34	1089
3	580
11	1118
18	39
14	-586
31	220
35	627
33	-1165
17	-978
11	-420
35	414
8	1088
16	779
5	628
38	361
2	543
3	-1097
14	522
26	618
13	420
25	414
38	-422
39	1149
31	825
22	462
23	-95
4	-489
12	-223
17	-840
32	-1004
27	260
29	897
39	-1096
20	278
21	531
24	-393
3	436
31	-87
29	15
29	1198
9	-456
36	956
29	1034
19	125
18	-906
39	841
35	123
33	-553
5	253
18	193
36	-794
34	-421
1	1050
25	-580
6	-1038
39	-836
16	423
38	1135
10	-299
30	-1157
7	-1112
33	777
16	697
25	-1121
31	-279
32	-397
26	524
23	-393
38	-443
27	192
9	1190
17	-1143
6	510
38	326
18	-716
28	539
26	284
8	779
12	-176
20	-634
25	-794
22	602
28	480
20	277
37	-926
21	1065
26	-330
3	697
6	901
12	-392
2	-1177
23	1118
26	146
12	-157
35	-225
15	277
15	1062
11	1056
26	-302
1	-1145
11	179
16	-641
15	-778
14	749
10	-736
12	750
39	484
20	574
19	951
31	944
4	-834
25	921
37	607
35	20
22	989
34	840
35	-990
26	-570
26	-980
39	-371
30	-686
40	-702
11	339
1	-445
4	1179
31	-364
8	-679
22	-1136
3	393
15	-304
3	-813
25	-405
1	215
17	527
21	-890
6	-1192
24	632
33	-893
3	7
34	973
28	1135
36	-832
27	984
20	1000
27	52
37	-330
20	-273
25	377
15	12
23	-157
22	-1185
19	-180
21	-598
39	378
16	316
35	393
7	124
11	-188
21	-875
38	-177
20	1150
10	1009
32	-509
39	-219
38	-666
9	693
23	1139
30	-590
6	642
27	-951
13	-90
16	252
39	363
21	-913
13	150
34	-31
7	533
25	234
31	711
24	-777
34	941
34	1188
4	-147
35	-319
37	-884
26	957
28	-83
10	-787
13	-9
11	1024
7	409
38	163
9	-798
16	-424
24	-460
6	726
20	-713
38	-714
11	967
7	-769
12	15
31	-1053
39	-533
25	-868
11	923
9	849
28	-1028
19	297
21	-587
32	65
20	-709
18	1059
10	609
1	354
15	964
10	-925
3	-1192
22	1002
35	1142
7	-1126
20	777
16	154
10	-124
17	-284
4	210
35	-860
35	-414
7	787
5	293
22	251
16	230
8	598
3	359
7	47
38	-530
25	-685
9	-511
25	-1038
36	162
22	375
13	190
22	669
18	-823
9	910
5	-1139
3	923
21	-1043
5	-787
17	-1015
35	468
24	-1120
35	854
5	1023
13	551
21	-427
39	509
22	-809
28	894
25	-702
23	-176
29	271
17	866
26	-862
27	1114
10	326
4	-724
1	-97
33	-157
13	-741
39	315
14	-455
29	-151
2	-777
6	755
33	997
8	-240
5	113
11	-105
23	509
17	788
12	-561
7	-101
11	262
38	-867
11	771
30	-899
6	63
8	-273
38	-727
10	-223
17	1195
31	-313
37	-1195
12	1104
15	-1154
14	1176
6	-341
23	1148
18	-506
2	-707
14	163
27	-33
13	822
29	-905
16	-1039
22	-525
32	-450
24	-785
2	-82
26	403
26	-136
5	-194
17	-326
25	1146
9	1121
27	-174
14	-405
22	1029
10	622
17	-759
10	-817
7	-1141
21	-1198
25	-982
6	750
19	-808
5	781
26	-514
31	-804
31	-460
25	189
36	-507
40	-247
35	-231
23	-869
37	447
33	-1044
18	1061
33	83
29	945
25	-450
38	-285
25	996
17	510
16	-325
4	361
33	1145
4	-682
1	-706
10	1135
23	679
25	-509
23	213
13	141
34	-76
4	1120
5	-832
3	347
21	1027
3	-428
3	-210
12	915
19	-649
22	861
7	-934
38	-889
21	-1174
22	-1136
17	636
38	-111
27	-505
23	1068
32	886
22	-107
25	1146
33	-23
33	-555
18	-288
38	256
37	-1166
25	552
24	294
17	-405
12	1098
29	962
12	-427
12	-611
11	-1148
25	337
28	54
14	230
25	373
25	-902
23	-65
8	-773
12	216
38	980
4	990
19	534
10	954
7	1159
36	104
23	760
15	-62
17	-869
21	-232
5	-222
40	-545
15	643
40	772
39	-50
29	-1077
16	-899
25	-273
19	-649
19	-942
36	-378
24	-769
11	863
36	-855
15	-93
25	-713
20	688
14	72
31	-483
21	-1141
3	-568
8	592
30	154
15	-989
37	1155
38	259
28	1158
37	-1012
40	234
37	-46
15	328
12	807
17	476
30	-683
26	999
28	-628
23	295
18	404
6	875
29	311
34	6
7	337
4	25
3	-1135
23	-72
38	-531
32	-473
17	-443
6	160
29	109
18	934
16	-100
13	103
38	-1097
35	119
15	-228
23	-131
39	140
19	65
27	-494
34	-271
39	-78
13	370
20	-1128
27	634
26	240
4	222
40	733
31	-623
31	-769
3	-282
30	-1072
36	724
10	816
8	82
30	147
39	342
12	-294
13	-444
32	106
24	-941
8	-1130
31	277
16	886
33	806
4	-507
15	-1065
32	-69
31	201
5	184
36	-1008
14	-895
25	-277
32	-724
15	-116
32	639
36	485
22	-1077
15	1099
12	-823
27	-170
32	624
30	360
34	951
37	-317
29	588
17	1063
22	-36
8	1050
35	-453
39	-752
11	-135
39	-84
16	878
29	-506
7	-974
17	742
24	-875
20	-242
3	-597
1	-427
9	38
2	1028
26	923
34	303
30	-630
23	-1198
30	-93
26	-792
33	1146
5	426
9	354
28	707
11	-645
33	270
24	1099
30	121
11	-303
27	-128
5	-152
13	-476
8	1004
1	-671
22	762
30	106
29	409
11	-951
22	73
7	-699
23	-175
18	1147
38	1146
5	706
32	359
31	1028
13	-969
14	459
8	-200
18	638
36	1013
6	-70
13	139
17	376
12	287
9	869
32	-841
8	806
16	-886
8	-183
20	378
39	423
37	1148
30	804
34	-415
37	1095
28	198
21	885
24	860
28	-900
31	-999
38	-837
36	-713
13	-575
38	280
30	-1036
11	-975
26	1067
8	-571
35	-38
6	460
26	-98
30	573
14	-1177
2	-1086
29	-235
31	-197
31	263
37	-390
15	264
5	421
34	887
12	-388
15	922
26	395
36	-776
3	-406
17	1037
18	1153
31	1119
34	635
17	-348
11	-951
9	-405
17	-342
30	-338
39	-932
5	700
26	-357
37	1179
24	-452
33	-541
1	1191
30	431
20	287
38	997
24	395
25	231
14	768
37	-1196
10	579
11	-44
39	124
19	-1065
36	-685
27	434
37	-738
2	1154
28	1167
3	235
37	-677
36	-727
16	237
19	-655
6	1042
40	-189
23	-337
1	-18
34	285
35	647
32	-236
40	351
13	-1039
30	-737
24	-934
16	13
2	-875
38	667
20	-820
9	-54
26	-1117
32	637
37	-209
40	-310
18	-805
30	-1180
32	173
10	922
7	981
34	-670
28	927
10	-31
23	1107
28	1146
10	1155
38	625
32	448
22	257
23	776
12	1089
40	-148
18	589
32	363
16	510
13	71
16	-829
40	-1100
29	913
20	935
25	-1139
20	-730
15	827
40	19
5	66
37	78
8	-14
4	-205
40	-473
13	44
11	-749
1	360
20	-654
27	814
30	1098
24	-606
9	-493
15	888
1	-687
13	-500
33	1102
31	-334
32	-393
21	-172
28	881
14	984
38	552
28	1118
23	679
3	3
27	27
25	690
31	321
11	453
38	-753
35	438
38	787
7	-614
25	828
2	-350
23	-1128
34	-312
11	1014
14	785
37	-294
14	-288
7	877
32	1004
16	1060
23	533
34	275
24	-540
24	-462
17	436
24	984
16	589
6	235
23	827
14	234
25	-337
18	290
12	473
30	376
22	1024
32	-968
15	815
31	301
4	-563
13	-169
2	1145
36	243
25	-846
26	-515
9	616
21	1087
25	-174
2	916
23	239
23	-203
18	316
29	-1111
11	-1167
9	1024
24	-792
23	412
30	868
4	350
32	-644
23	1027
15	884
40	-552
13	674
39	523
13	-826
3	-208
32	1189
28	984
19	247
2	-389
19	-235
1	227
5	959
9	-29
4	-1
16	-643
1	147
6	-734
33	72
24	305
35	-84
9	76
8	-1040
2	-48
30	524
37	859
11	-971
7	-176
27	-1080
6	-376
15	-290
12	-858
35	-938
18	499
30	1120
3	-876
12	-327
40	-165
10	1023
5	748
17	435
25	1166
37	1120
1	-57
6	758
15	473
36	-196
36	76
36	-845
37	881
14	-489
1	-953
39	-301
14	-422
1	-19
28	114
11	-1069
2	-256
29	251
40	440
39	-493
25	-1054
17	932
1	217
35	257
28	476
5	-1047
19	-248
29	148
37	1067
6	857
16	1153
12	369
38	-682
29	-948
40	-727
5	492
31	1142
25	-851
23	319
20	76
31	-611
16	-1183
5	-892
4	-160
20	-560
24	-156
4	-19
15	755
15	-569
35	-749
24	-91
14	147
38	503
16	1026
31	277
5	-781
31	336
39	-390
11	-245
13	471
20	-374
22	259
7	497
36	72
17	1134
39	-458
9	-88
30	-319
6	801
32	-653
7	-304
26	-365
31	1171
12	718
20	-15
17	-1173
27	253
13	-874
21	1039
27	-471
23	269
34	-174
24	-685
15	-256
38	267
36	-995
5	821
22	785
30	78
39	-144
13	958
12	-991
17	6
17	900
23	498
37	-285
15	-369
39	342
24	171
1	1009
1	-262
39	985
3	-441
12	-857
29	-552
34	-740
35	194
17	-1072
8	648
38	1160
11	1033
15	-1031
3	-1185
29	276
27	464
36	818
10	-1132
25	-180
23	-299
33	16
4	-1027
29	193
39	-907
3	-1127
25	-906
30	-741
8	-422
20	-318
16	-421
13	-405
2	80
24	60
29	-978
19	-381
37	-677
39	18
4	345
12	156
1	-524
1	48
25	1089
21	232
10	-412
18	910
34	-306
36	-264
11	-259
40	-1071
28	-1183
28	-543
26	367
23	339
1	300
29	1158
30	1143
28	-459
36	901
22	-141
37	400
23	-547
10	-492
37	667
17	-779
40	-607
14	388
13	-447
37	-1154
25	456
11	412
13	-346
37	307
21	-184
25	912
9	-503
23	-716
20	1009
29	797
19	341
22	1064
25	-196
7	184
34	1045
8	221
1	909
33	523
5	-702
24	-210
38	300
19	761
37	297
1	-656
32	1129
32	-689
23	609
38	-154
10	-558
22	222
32	651
24	749
31	-1137
27	-257
7	-321
24	312
22	-294
1	-772
23	413
19	1074
18	-306
6	1
19	871
9	-569
24	975
32	590
9	-483
35	-363
40	257
11	516
36	853
32	-370
9	-180
36	229
9	1172
14	395
4	283
16	-949
24	-148
13	-1190
28	345
38	-168
40	-209
26	404
30	164
33	-1010
26	853
15	340
8	243
10	-127
40	714
3	-1111
9	823
28	368
3	-669
15	-301
21	559
31	725
14	-812
25	933
27	52
39	927
19	-327
8	-834
33	-629
23	883
15	-1143
20	-845
5	-938
25	-723
4	-541
26	739
23	637
3	444
23	-69
33	171
17	66
31	-957
11	82
36	-1138
26	654
28	1039
22	-861
23	95
18	-1157
35	622
6	1190
33	172
18	343
29	1170
27	835
6	-94
37	1075
18	-857
3	-627
9	-1013
26	-850
14	-435
39	612
26	272
15	-490
27	607
29	-164
37	-853
27	367
7	-1175
1	-552
25	117
30	475
1	12
23	1067
39	693
14	633
25	-549
5	888
4	-406
8	-927
22	-391
24	172
37	-613
35	835
2	-825
17	679
28	975
4	1019
35	94
33	-61
16	-922
4	-217
19	254
7	-1160
22	-321
2	250
8	-757
3	1001
30	147
31	-220
32	-427
16	-1030
12	-1160
14	-127
2	548
8	1070
5	277
25	-271
8	740
13	42
23	-1153
36	-720
26	964
22	-449
10	-362
7	-682
7	886
4	-751
34	-798
3	1123
33	-937
1	812
40	469
39	-162
5	-1051
31	-210
8	1136
13	-139
10	-124
18	886
29	950
26	391
23	590
16	660
10	24
6	286
37	613
2	-1138
30	-227
8	-876
22	25
13	-730
16	-464
1	-191
21	-360
12	-837
13	-753
30	-994
18	615
2	63
24	-316
5	-408
1	-655
27	328
33	788
15	191
36	-443
30	632
34	-401
25	1074
4	1137
9	694
15	134
14	753
35	105
9	-472
20	587
24	216
15	-1
14	-1017
27	540
37	500
14	-75
7	80
40	-706
21	-1114
33	93
40	1149
39	-475
23	240
9	-507
5	-743
6	508
22	107
23	-1066
10	-79
28	-583
34	623
39	-333
14	468
5	-196
1	512
26	910
29	-323
33	706
15	-467
23	574
5	-1119
16	-1118
15	-923
14	-847
40	440
33	697
22	-845
31	-469
18	1123
36	-1026
5	622
22	710
4	-564
22	-1129
20	-1008
11	800
24	-1013
1	-555
35	844
17	759
5	-36
32	-849
10	-1132
30	153
18	12
38	375
35	-598
30	-510
22	-465
9	-433
15	-637
35	500
13	789
27	-379
10	-468
33	298
8	-212
28	-561
36	614
9	-295
13	981
13	-895
14	747
35	-605
1	894
3	78
29	157
5	96
3	452
19	-372
27	264
25	-868
3	281
2	-1187
21	-139
28	-1101
13	1
34	-685
17	-1120
7	-570
11	-316
37	-852
37	774
17	-376
1	36
32	-575
20	-739
38	1092
24	501
22	427
24	-317
10	-1153
16	582
15	198
1	110
38	-861
16	833
36	182
14	-557
23	858
3	113
19	-634
39	-41
34	-167
5	647
36	-276
10	1003
35	431
33	-444
11	-818
9	220
4	870
24	-869
19	142
11	-619
26	-1134
23	-216
4	650
40	634
32	317
3	-125
38	-1080
20	383
10	-873
40	844
36	1109
21	483
1	-999
20	-790
27	61
12	-375
10	-645
39	-304
8	593
32	832
35	820
5	-832
30	672
18	1123
1	229
12	-360
21	890
29	640
13	479
31	903
4	129
7	493
6	163
35	-492
15	564
16	-696
32	-868
6	-256
3	301
34	-1171
2	-814
29	693
9	-938
20	4
27	378
22	73
18	1017
8	-1102
38	984
12	-410
16	-211
22	359
2	487
8	-419
35	-77
19	-538
18	468
38	755
26	345
3	68
23	-123
9	-497
9	130
18	-737
24	764
17	-422
27	-1111
22	100
31	-45
16	-399
4	-781
2	662
40	382
38	-31
6	-815
20	-1063
36	-849
8	-342
7	-644
16	691
20	894
12	616
21	215
40	-884
29	290
21	-61
28	736
18	735
20	813
36	468
4	120
25	1091
28	632
5	71
13	499
37	-632
35	-539
3	1188
24	1127
10	755
15	470
26	1054
6	273
1	-909
32	-241
34	-989
16	264
39	818
4	-241
23	1082
23	576
22	674
33	-791
28	791
15	1062
13	-1047
3	-455
4	-373
33	-336
21	-311
5	765
18	618
38	-611
2	30
4	644
39	56
15	-98
16	461
26	285
30	-346
37	550
20	-167
21	956
21	438
4	-1073
1	-703
38	317
18	-884
3	-470
37	-371
13	-967
35	1138
27	-358
30	-970
15	165
13	-206
12	795
29	-133
19	-847
15	875
29	528
33	74
37	-132
37	-961
27	-895
10	-580
8	423
3	-171
3	-141
25	268
19	896
12	529
23	37
25	-873
38	-931
16	-932
32	379
3	-1141
20	504
4	840
15	-970
27	661
32	-556
10	660
12	-1097
30	-832
20	423
33	-1018
9	-1197
7	112
32	686
26	552
29	136
21	65
6	1156
34	1058
34	1197
21	302
14	-590
30	-508
7	-820
35	725
28	1106
25	-446
34	-1172
21	-117
1	-1111
36	-83
9	-576
11	1046
5	1132
5	-958
22	-1185
15	321
25	1075
32	-95
8	967
22	514
10	954
29	236
28	-520
7	-797
15	-770
10	225
11	-1129
24	-192
26	520
20	-61
9	-1023
22	891
34	30
18	-956
40	1002
40	-571
2	461
30	-996
34	-742
30	313
20	-641
36	254
1	1047
15	904
9	-1136
22	175
12	248
4	878
28	463
12	-1172
9	623
30	-971
13	51
35	-1137
36	-578
40	839
16	-803
13	-398
6	665
6	-76
38	596
24	-145
24	-318
23	1144
7	331
7	931
23	-266
39	-350
5	627
34	992
28	62
38	525
18	940
2	802
36	-169
7	175
10	149
16	339
12	423
33	17
2	996
8	-33
31	-3
12	604
17	-431
25	558
5	127
34	-295
22	-1106
21	331
12	92
18	491
28	-121
11	-852
28	-580
14	-837
7	1001
22	-1194
17	567
27	-99
14	-431
37	-1128
6	667
18	-1189
35	-1096
35	909
17	-308
6	641
11	-1049
34	-755
28	480
26	869
36	-754
8	-492
24	-1038
20	-424
6	-760
32	125
37	367
10	-1040
2	779
17	-877
32	-272
34	-639
18	-782
27	-434
9	-79
19	-222
30	859
35	-860
36	821
37	-677
19	1060
35	-733
16	743
2	1129
5	-257
7	-1187
7	256
23	771
31	-238
10	834
27	884
28	438
28	-1045
3	639
4	-1195
36	721
11	400
36	-742
34	-244
12	-885
20	-1143
7	90
40	-270
16	912
33	-1108
19	-583
32	-1113
14	-661
38	-934
21	1057
29	156
34	843
37	954
37	-530
5	-554
39	85
27	1156
15	-281
17	-631
15	43
19	-551
38	496
19	812
23	849
19	-45
35	795
2	574
27	628
33	-357
5	851
35	-949
13	98
34	437
9	-891
27	469
31	983
8	616
13	835
12	-747
2	-792
27	1178
4	-510
37	1183
34	-551
33	1049
28	-479
19	-478
24	1003
10	1134
32	1008
26	314
10	309
4	-785
27	11
21	883
36	-550
26	161
32	-784
26	-153
7	-1025
12	650
35	-331
16	-166
4	592
23	-452
12	-919
33	224
12	-888
26	993
14	-791
11	722
26	-1116
30	83
20	6
13	-940
1	832
12	-16
31	-1019
27	44
9	-977
7	-379
16	-116
29	146
8	757
19	410
27	1042
3	453
27	-356
27	-1182
12	-542
20	309
30	-284
28	-1152
21	1031
12	1010
23	-196
27	710
30	376
13	-434
31	-677
19	696
19	-365
23	-304
5	-596
16	-47
38	-1150
22	288
11	229
37	-441
5	824
27	-1154
39	612
7	-866
39	-862
23	-158
9	-1067
24	-328
29	650
34	486
34	170
32	949
38	-27
9	-1145
37	655
22	790
6	-158
20	-861
2	-361
5	587
10	420
23	-43
31	1000
11	-409
17	-125
38	-1098
17	-623
15	-202
21	475
38	-120
21	281
38	-584
13	134
6	-1096
17	32
3	-62
19	990
25	-285
13	1025
35	262
3	34
24	512
17	596
2	313
28	809
19	1043
21	-1101
7	998
27	-890
2	996
10	351
19	574
4	862
35	1015
34	-242
25	-221
39	1
35	207
36	-545
22	-787
23	556
19	-486
30	-809
38	-315
39	-948
9	1044
15	314
3	-948
20	-1183
8	1197
25	899
24	1029
38	-899
35	608
7	966
13	1086
1	-461
30	-895
10	-634
24	74
9	-210
30	-193
17	951
5	97
28	695
23	587
31	-347
33	328
15	-738
13	-73
8	-322
23	1191
27	-1120
2	564
25	-544
6	-806
33	1196
2	-1180
9	-507
11	359
7	1087
5	341
29	847
11	960
35	936
1	-541
27	-13
33	166
7	-695
23	185
32	-264
36	1140
23	-608
10	-1171
33	-525
1	917
7	184
9	576
24	-374
26	-316
28	-827
28	-182
2	1124
30	-325
3	398
39	-190
9	-156
24	-996
5	-1140
2	-245
8	-224
38	-964
40	405
3	-946
9	-1148
20	-1099
21	-139
37	682
38	1198
36	-831
39	118
21	875
25	-995
26	-589
25	478
21	-337
8	589
30	1066
1	295
32	1050
21	400
34	20
11	-797
25	1102
25	1118
6	539
38	-1106
9	-575
14	648
18	-559
13	-59
38	572
27	-1014
35	-590
33	247
20	-1132
25	-602
12	490
24	984
4	881
34	-165
16	1002
19	1021
11	-367
18	479
31	139
15	35
25	-406
2	-270
28	273
13	-618
9	-505
10	1156
18	966
16	-543
21	1005
30	139
2	603
24	925
22	-552
21	-396
25	-516
23	-286
35	-223
22	-918
40	570
38	1159
23	-40
14	455
28	636
34	968
11	-912
21	-127
19	481
23	1142
3	893
29	-722
34	1016
34	-630
40	889
21	162
39	-972
13	224
33	-274
28	-889
5	211
40	-799
26	-744
13	-298
8	1089
39	-421
30	-739
14	511
37	375
13	-554
3	-1118
7	237
13	-623
27	-267
32	474
5	-184
5	-14
18	27
7	1056
30	828
15	-343
11	141
30	-945
34	-171
16	-2
31	479
36	563
12	-732
19	-858
2	368
12	-854
28	976
33	-685
14	1079
22	-406
16	957
35	-1104
28	35
9	1013
37	1167
6	698
30	1077
3	141
33	-66
27	-767
23	175
10	169
32	-1117
35	-645
9	513
22	351
10	-500
5	255
6	-559
38	385
29	-439
8	-848
20	480
10	-66
14	466
17	-848
38	369
8	-5
32	443
10	360
19	-20
12	28
6	639
37	688
25	-342
38	-1118
3	468
28	-667
20	658
3	-859
4	-838
13	-1121
22	326
23	-274
10	-58
16	-895
30	-737
5	-436
18	-247
1	-1082
9	-925
6	569
14	862
30	1084
6	806
4	-493
40	-643
9	-279
13	-256
27	-169
21	377
5	54
30	428
13	-89
30	-574
17	177
20	-368
24	-416
24	-988
24	1047
26	1099
34	784
3	725
34	-898
22	-1079
16	976
16	-987
10	-650
4	1105
7	-1049
10	714
23	179
11	861
18	375
35	-156
17	-164
17	891
25	580
33	216
30	-54
34	-615
10	-1078
9	648
6	-457
21	1091
28	228
10	-796
12	-412
15	-1044
4	-434
34	-1179
27	-428
31	-517
8	122
1	495
22	1162
7	203
35	1006
3	973
28	856
18	10
32	348
36	-850
40	329
22	-9
7	-750
20	668
21	-302
34	937
3	884
7	53
22	757
25	824
26	904
13	-957
23	523
19	182
18	-234
24	739
35	341
15	-179
36	232
6	-577
9	-34
30	1126
13	-1100
18	-1118
11	-535
19	359
4	-1065
25	-759
20	-507
3	1152
11	152
3	382
32	506
16	923
22	253
22	-352
33	107
18	52
22	-943
10	-1137
8	-1108
39	-910
37	-654
14	509
22	1011
13	344
27	-97
26	-114
25	927
3	368
5	215
40	6
8	162
3	87
40	-548
3	-32
30	98
37	964
15	-140
9	535
20	-51
19	-890
8	-890
12	-1052
37	-603
33	998
13	539
11	535
26	-542
1	1150
24	-249
22	147
19	906
9	77
7	-425
26	-1057
37	-270
18	912
4	1049
10	409
15	-912
39	726
18	-704
15	864
8	591
5	-288
39	-484
5	-781
27	-944
22	265
8	-479
2	-790
16	-887
16	-814
5	421
12	1017
5	848
19	452
18	1070
26	844
3	-571
5	-4
21	-139
13	-186
22	223
13	674
21	550
24	969
1	-298
3	-435
30	237
40	122
1	814
9	619
23	-752
10	604
15	464
28	-320
14	-600
22	202
26	943
1	55
20	375
19	-1095
29	-277
21	598
8	1173
26	800
4	-285
33	-698
16	-483
29	563
36	-943
10	913
2	-1013
27	-1114
16	1041
21	-498
27	454
25	-6
17	293
33	354
16	-661
14	830
27	632
29	818
30	-1145
35	525
1	1183
13	119
3	-288
28	-232
17	-8
21	-341
11	-280
6	-948
3	49
33	804
34	-1116
17	-568
38	-562
17	-382
29	-238
23	-931
40	-973
40	-530
11	-12
6	-316
39	-742
16	1038
24	1068
40	1124
8	-712
17	847
39	-1158
21	-1077
31	-79
3	-1005
3	-283
8	650
13	673
4	144
26	992
38	-680
5	-398
25	-778
15	720
9	-275
31	-597
36	-404
31	-968
6	-452
25	-789
28	-666
39	-870
7	-1174
5	60
3	-788
37	1130
27	-277
28	-819
14	-224
24	320
27	268
13	418
6	24
8	21
11	135
9	-523
37	270
29	729
21	1022
26	-445
19	-343
31	-196
24	-401
24	40
35	-331
35	-1051
37	-47
28	475
39	56
27	-793
7	-371
7	-513
33	889
27	624
3	-978
33	-692
19	48
35	28
20	746
19	-1084
24	162
12	648
28	-912
37	-979
6	-21
19	573
3	1112
34	1058
21	-438
8	-976
28	719
20	362
29	-949
15	337
17	-263
37	913
30	235
16	-1028
37	-521
37	-1168
34	-868
33	-487
32	-747
24	281
27	-769
19	437
9	-827
30	994
30	-262
20	-931
27	-484
17	988
17	-691
39	507
31	-213
5	-184
5	992
39	501
22	123
6	-1142
31	-440
3	-1136
7	-345
5	1063
37	-1085
29	-1170
19	-886
36	-964
39	386
25	871
21	-693
14	-368
26	734
10	138
21	-766
38	-635
6	-533
39	441
5	151
14	-1127
29	-348
13	-553
38	-1178
7	-20
32	480
23	-1077
15	795
14	-625
17	-221
6	906
18	574
4	-19
38	376
38	294
17	486
34	1188
38	-322
7	327
18	-263
12	-868
13	-966
35	401
9	391
34	-468
39	-276
37	-581
32	-1170
14	-177
21	1146
9	-629
23	-601
11	915
19	-924
34	109
24	540
20	296
36	1159
7	-324
25	-464
18	952
8	294
28	-616
10	-34
22	-1180
15	-43
5	-215
16	130
29	1168
12	904
12	802
10	881
1	909
19	-438
2	-211
6	346
30	-270
22	917
5	1057
32	-868
3	-1000
6	881
7	-1113
24	-211
28	-1004
4	-849
32	-990
26	523
23	-607
29	718
19	472
11	-117
4	155
27	-851
31	1038
15	-202
9	785
1	-602
22	-137
13	-205
32	863
3	-513
7	-36
4	694
12	525
17	91
24	-940
21	92
13	-866
5	718
36	-869
11	623
15	509
15	-1144
26	1187
20	-796
15	-819
28	551
35	163
19	120
8	-787
4	237
1	-491
18	-858
2	635
23	14
16	-749
20	376
37	202
32	860
25	-859
39	1062
36	-1134
14	-263
8	-345
30	-207
7	1142
36	1194
7	950
22	1134
37	-558
31	-797
22	-424
17	-798
29	517
29	-418
4	945
7	372
19	98
24	640
18	-68
22	371
9	232
9	0
33	181
34	209
3	-804
26	-811
3	461
2	804
16	653
28	-867
21	107
6	355
22	-180
27	-773
10	-295
11	240
23	-602
6	284
21	-419
17	718
23	-778
14	-175
6	-908
18	1094
32	656
3	186
24	-760
19	-78
18	1178
14	386
38	121
8	-966
6	171
24	1021
16	124
23	686
22	-270
16	-888
14	-97
23	102
22	-219
31	-59
16	-824
21	648
40	303
28	-437
1	-938
7	-714
11	399
34	414
27	275
21	-618
21	-65
25	-725
2	444
24	-583
4	624
6	1182
8	-433
27	-1106
20	-692
25	-864
9	684
10	-181
18	-374
34	-1037
6	-312
29	-869
38	1196
7	894
29	914
39	130
19	-299
32	548
2	677
17	990
7	1076
21	1024
17	702
39	-508
6	-8
18	-679
5	737
37	601
2	642
22	810
31	136
24	-796
15	-725
35	-3
29	-440
9	329
39	534
1	-890
22	-1084
1	785
11	887
8	-150
30	645
26	-671
2	-419
27	-659
10	-1169
3	-201
37	-703
26	455
25	-97
40	705
4	-406
5	752
9	-553
6	171
20	-781
32	-575
14	1004
1	-309
4	-853
15	724
16	368
14	364
3	13
11	-458
30	829
10	460
40	593
5	-265
18	261
16	1115
23	82
4	-1055
10	609
9	11
11	-1120
27	-161
26	1081
13	837
37	-734
18	21
11	955
37	-839
27	1128
30	-328
3	-658
5	4
19	-141
26	-873
3	-461
9	-958
34	1041
29	-1077
23	-583
34	-1124
16	406
22	810
38	748
6	-1165
4	-1128
9	-48
27	594
8	-942
21	1157
33	790
22	558
21	379
16	768
33	406
36	481
12	529
34	75
10	-75
14	167
34	631
25	1092
15	864
14	1152
2	896
27	971
4	-142
29	-568
9	889
3	-134
34	87
15	-672
27	-598
10	-1171
1	1092
31	-1030
22	913
22	1142
2	-262
17	-64
23	-857
29	-1031
39	-649
25	938
4	-971
39	-801
37	-62
2	-835
15	-1149
37	-1077
18	1140
14	-768
34	-206
4	-670
33	65
19	-983
36	-652
38	-413
14	1188
12	-616
26	-33
25	-1078
39	-823
23	1066
18	-931
23	-661
30	-936
2	125
10	218
39	-981
34	926
32	-62
7	621
11	-3
6	700
27	-83
15	504
23	-825
28	1035
22	-585
24	698
11	1170
37	-368
7	-898
35	-536
26	194
38	8
19	982
14	-1129
11	790
29	-85
14	-1096
22	-452
2	-530
26	-844
15	-981
14	-51
22	-189
15	-674
35	-524
40	-1073
24	-846
2	-259
28	1133
25	1070
29	1124
36	-530
2	991
31	-85
21	-399
1	118
19	-294
13	895
12	-595
21	291
26	519
5	626
3	-268
23	1130
5	-390
23	390
27	721
29	-925
10	256
5	-1148
22	-846
3	-330
27	-5
9	-907
29	-463
39	397
40	-583
15	171
38	-973
7	-169
28	-382
40	1184
30	-210
9	851
37	-791
8	781
9	941
3	-1067
34	856
2	-903
31	-1002
25	473
22	1142
32	-30
13	667
25	194
27	-554
4	68
24	-13
18	295
20	365
37	-221
38	-1043
1	786
16	-359
5	-223
24	-281
8	-1116
20	500
8	-957
11	608
16	684
14	-321
34	-434
5	321
35	1125
11	-381
13	228
3	39
39	-1166
9	-416
17	1191
6	-364
38	-278
24	114
34	189
35	-551
21	-204
4	-1118
7	-556
39	717
40	-413
37	218
27	1175
12	470
37	-863
20	-529
32	-102
25	-345
9	912
39	-710
38	701
29	17
8	-36
17	-839
20	-1195
5	535
21	438
1	1134
11	262
10	541
14	338
23	-1198
2	-237
36	133
13	505
13	-1189
14	-1041
30	761
39	123
32	-533
15	658
20	913
35	314
37	-742
39	266
36	-950
40	75
34	-144
3	-302
35	613
39	588
14	-79
20	1153
15	102
15	660
1	775
15	-486
23	1079
23	442
27	388
36	258
24	-392
28	-643
27	-49
40	-1143
39	1183
28	158
13	-1012
14	-554
37	-461
26	416
3	231
12	-1171
14	797
30	-557
34	-715
37	-1023
6	-707
6	-1112
1	988
15	-806
16	448
1	-699
21	-664
18	93
31	-1198
27	1154
13	-1151
11	-1069
35	501
1	1035
15	531
12	83
21	1184
27	281
30	423
20	-41
26	493
10	-1095
27	850
24	570
27	-1024
30	395
13	1055
21	553
34	-1142
13	-994
11	1131
1	212
19	550
11	733
38	1071
36	-813
29	-305
7	917
26	-342
12	-627
8	877
10	197
35	-8
14	810
3	887
16	-274
16	1102
24	460
18	325
34	-977
36	-56
9	105
26	171
34	1104
40	-226
37	-113
7	809
34	824
11	361
11	-914
37	-229
21	-989
27	1007
40	-832
24	-351
6	-987
23	1153
14	659
25	69
34	79
20	468
7	-560
27	906
10	-666
18	1001
5	46
25	-828
6	1
11	426
18	-379
4	-1191
19	869
7	15
11	1056
31	-1146
2	510
33	1166
18	1171
5	501
30	-1071
39	546
35	-4
32	290
16	-12
9	-354
12	-116
5	-988
34	877
9	-442
10	103
15	1141
10	776
35	-1119
18	-1174
26	263
12	586
28	990
2	255
27	784
26	-105
15	-999
31	-561
2	507
16	-4
35	110
40	273
1	653
30	-14
1	-1081
6	-1106
27	312
29	-942
39	456
40	-1191
16	-617
39	1136
8	-816
39	998
6	-510
20	-148
20	-14
20	402
12	392
32	-1103
8	-959
14	-77
13	597
18	755
37	1160
9	52
39	431
13	402
18	526
31	109
28	-356
34	529
16	-53
39	-782
20	-330
16	-130
7	-88
5	-21
4	-870
20	693
27	680
25	-105
12	-600
37	-791
17	122
29	657
6	-144
22	500
32	223
9	-1114
6	-820
8	1004
2	-48
10	244
33	652
26	32
37	837
1	250
18	-722
26	1082
6	1087
11	-246
8	-288
30	-769
11	-921
27	-226
20	-15
29	-727
18	-1185
22	-562
29	-47
1	-529
17	-1057
1	-38
21	1161
5	-947
29	758
11	-738
36	1035
22	176
3	477
31	-357
17	1173
4	-925
40	1057
21	-1021
29	-1
4	-884
27	319
26	932
28	-1054
29	76
31	-645
11	648
29	-359
40	699
38	1048
26	923
32	-349
33	-367
10	1186
17	806
20	-956
21	-646
26	266
1	625
28	974
17	-519
2	-350
26	302
23	904
18	1080
17	691
14	-911
10	-617
6	-17
5	-836
12	-1173
22	-214
14	680
5	254
30	1191
13	-319
33	-684
19	534
15	-931
37	-175
34	866
30	-679
8	-1165
9	-289
26	439
3	-723
16	195
28	205
1	-1020
31	16
9	569
1	-798
39	558
37	646
33	-624
20	18
6	1073
29	-1100
26	-572
34	2
17	-83
10	83
3	921
40	29
39	61
29	-160
23	997
12	-506
6	-771
13	325
36	-893
28	95
3	-657
24	848
4	-959
7	-227
21	929
37	860
25	226
17	-750
12	545
10	-884
3	167
29	-502
4	137
40	-896
28	-396
14	-912
25	-648
40	-1025
20	1196
14	-398
14	1112
32	661
10	976
27	568
31	795
5	-960
32	-865
36	784
39	-1044
10	-489
34	-414
9	1125
15	-926
30	-72
21	343
8	-267
20	210
1	46
6	876
40	-845
32	1191
9	-879
6	413
12	634
34	-534
36	-14
6	-833
25	-393
28	-919
28	-710
28	662
3	-542
16	-307
35	-439
6	304
33	1051
7	-536
23	-1032
38	220
16	199
32	1106
39	461
38	236
10	-862
8	-507
13	-571
40	-969
13	712
19	901
8	-156
35	-380
29	10
12	1127
15	48
9	1008
20	-940
10	-212
40	-504
23	514
26	1161
20	1107
33	-1015
26	579
8	-105
3	-386
26	-525
13	-726
17	-325
37	-708
6	45
3	585
13	-889
1	714
20	153
8	68
12	-965
29	-1017
9	345
22	861
12	218
4	-621
15	1105
33	977
31	516
6	124
7	-807
13	-1107
25	36
34	849
32	460
27	-735
39	381
20	-414
27	916
28	793
9	-79
36	-851
32	-587
21	460
24	683
38	101
32	-499
12	-718
8	-625
33	724
22	-1085
19	1120
35	-151
7	923
20	-699
13	-896
14	439
37	-930
33	450
18	714
27	-296
4	-706
15	652
14	170
25	-109
39	-81
35	327
3	-523
1	-235
16	-1084
27	-1111
4	-746
12	-840
12	-285
39	389
5	988
19	-134
32	728
8	-1088
34	495
7	-874
27	-557
34	-168
12	-211
33	409
10	965
13	-23
23	-1127
36	54
5	-360
2	-358
38	344
12	-177
18	861
38	1013
40	-1094
29	-339
25	1121
38	717
3	913
23	394
38	-623
1	1146
13	-403
37	233
22	-672
12	1012
18	-1037
31	274
19	-868
38	-210
16	1079
10	80
21	484
14	-600
11	-693
15	-1025
6	1122
31	913
36	803
3	-800
27	767
35	696
20	-1117
17	-842
39	-884
13	1139
40	1096
15	-678
25	954
14	-788
14	574
6	-440
37	1180
33	1148
14	579
16	-991
35	502
8	149
7	205
8	338
10	-264
4	-709
22	-905
21	490
22	-63
27	670
4	-584
37	783
20	-629
38	-77
3	-278
15	801
28	294
4	1074
9	-735
25	-514
25	-1197
7	985
10	204
26	-161
4	-444
15	-778
6	-757
23	713
10	-593
12	-978
36	314
36	-800
20	889
33	-786
35	-829
27	435
13	-1161
14	663
1	633
35	636
24	144
9	939
12	-558
19	-1182
27	136
32	1155
7	-239
11	84
9	-916
32	1071
25	566
20	-1094
7	1097
3	427
17	-446
20	749
19	-67
19	357
3	637
11	-1148
8	-1172
37	1023
38	-1149
37	-743
18	-591
8	323
33	-21
2	352
23	426
32	28
33	-996
31	1072
4	701
27	-937
37	-915
13	1122
10	-667
34	-988
15	-122
34	1033
26	697
30	528
17	771
26	-477
11	425
19	-357
30	878
14	151
39	86
33	-471
24	-56
3	-365
7	22
32	879
34	-81
24	-971
16	-1120
35	-54
2	-524
3	908
37	-884
9	246
21	1124
5	267
26	-1013
24	-676
12	-1083
39	-997
9	-910
25	944
32	580
8	21
22	-641
9	1165
36	-22
17	-886
9	369
33	-1047
24	-527
10	-591
25	15
12	-54
30	1075
4	204
13	1071
28	1007
30	135
36	-280
30	-295
7	704
7	-369
20	172
14	-361
10	-716
11	-449
26	428
8	129
39	636
21	-898
19	-976
33	614
29	-394
32	687
23	-88
9	610
27	1076
5	-675
38	625
23	1125
23	656
7	1008
33	148
39	532
30	834
18	-1114
7	-541
24	825
35	-54
2	556
19	930
12	1176
19	-1168
5	-1078
6	-420
39	-757
3	844
3	-259
38	-333
10	-6
28	-1024
13	1115
39	46
21	-610
7	-247
27	597
33	720
21	842
17	-792
28	1193
26	772
3	185
20	295
5	195
21	-1121
9	659
3	771
24	-303
25	-80
40	859
13	-444
10	118
35	-209
18	334
3	-226
35	307
17	-981
38	-1044
14	-1109
14	660
16	552
22	-961
5	108
3	85
28	-1008
14	1074
11	-882
19	-1152
3	677
27	251
22	218
14	151
4	235
3	-269
9	-448
33	341
12	111
4	881
32	204
18	-62
15	-116
5	809
28	-564
39	86
7	414
16	-926
19	729
24	-804
14	-996
1	365
7	771
15	-15
22	-114
16	-824
31	183
22	398
18	848
5	511
25	396
2	-476
1	-154
28	848
16	-309
8	-324
38	314
3	727
39	704
36	1060
37	277
27	-958
13	-270
11	377
17	-392
9	31
25	228
17	903
6	581
36	-1048
9	4
18	702
24	755
17	-437
18	-613
40	53
27	78
1	-726
22	843
19	78
29	-1198
36	-296
33	951
28	919
32	-696
20	-96
39	-642
7	-954
37	1055
33	-306
4	-966
12	-914
3	-1106
20	614
35	-517
16	-857
2	-815
26	621
8	-330
1	-522
17	1045
32	209
22	411
36	710
2	697
32	-632
22	73
14	650
1	337
36	329
8	-1058
27	969
40	-1062
40	1090
5	-771
8	-1154
20	1135
8	508
9	-581
20	8
17	295
19	-362
31	273
5	432
10	-109
24	-316
30	216
21	975
22	-463
32	-914
12	-450
9	-468
8	330
21	-95
4	1176
30	320
10	909
5	-122
12	303
1	447
29	178
33	-58
23	-1057
15	637
23	-240
28	-989
21	438
23	74
39	758
31	-670
16	-1018
4	-403
12	-385
30	391
16	-853
18	1032
12	-893
27	-507
37	-145
30	-975
30	663
40	-506
20	477
26	58
22	-193
18	362
35	-533
3	272
6	-548
6	-1169
29	678
30	309
34	-120
7	-818
12	-639
23	-528
26	-274
34	-317
21	-1082
33	79
13	27
16	-1096
37	-441
7	-848
28	659
10	233
26	-250
8	755
22	1055
16	-448
11	-260
4	-1156
18	-744
25	-703
17	1090
33	51
24	1196
2	116
17	-329
26	-337
35	107
31	1023
3	992
17	-136
31	-825
17	97
28	-32
9	-906
26	634
19	-300
11	-334
24	764
25	638
3	-47
3	189
14	-877
35	-1144
37	-393
3	930
11	1060
35	31
39	6
34	943
14	-1185
10	-587
31	592
21	-547
11	655
20	330
23	-1100
38	406
27	405
12	-70
27	43
18	812
30	1154
39	-814
25	-1025
4	-996
26	-1010
28	-167
21	705
12	-636
27	454
26	-703
5	-372
17	1043
7	-1107
13	-463
29	-40
9	547
36	-319
27	-210
1	-668
19	-974
1	-370
17	298
8	105
24	-1149
20	-1010
26	1138
39	-1093
29	-432
15	424
8	762
24	914
4	-131
28	778
31	-634
17	-693
35	271
40	-29
36	-178
2	504
37	263
30	-1006
34	210
8	117
7	139
19	35
10	-901
3	180
1	95
32	-8
39	237
8	-906
4	-691
11	1090
29	-656
32	747
9	-468
9	-110
39	622
30	533
14	-971
6	651
4	-134
4	1105
33	245
1	-236
4	-77
20	-885
8	995
11	-585
14	-510
7	1035
26	1118
8	-121
33	913
35	-33
23	268
40	-119
38	-966
11	856
6	502
36	988
29	325
36	404
29	-1117
10	-1071
36	-165
11	-564
32	-1034
32	644
25	281
32	68
3	-1008
37	-484
24	304
4	-713
10	-1101
37	-1191
23	-174
7	245
8	-1141
23	973
18	1127
18	323
23	586
16	782
33	-591
23	139
1	-393
6	272
15	631
9	-774
32	343
24	161
19	135
31	1030
36	174
22	-628
39	-909
23	-706
13	1160
24	8
40	72
23	-455
10	1145
8	47
27	-1122
30	-1023
13	94
13	556
13	608
36	-543
34	-982
15	1005
29	-86
18	-13
29	-720
15	-749
30	-593
25	-645
7	329
20	-1125
2	558
8	-524
21	-1184
12	-273
10	-373
10	460
26	809
16	-985
35	-991
22	643
32	444
25	324
23	384
28	-427
38	996
40	1166
31	-263
8	-431
23	1025
7	-606
36	917
15	542
30	836
21	335
5	252
34	1163
12	1066
22	-905
18	127
38	965
20	-240
39	-766
22	667
22	-1127
9	723
24	-1029
6	-600
11	-453
39	871
12	300
31	1079
31	-758
14	11
33	72
27	-872
26	656
29	941
9	1143
23	-141
29	-512
8	814
19	764
37	57
35	1081
32	-1068
24	-125
6	265
19	-154
6	1048
24	676
14	355
4	1174
23	1002
14	-508
22	-1171
30	-115
38	272
27	690
31	-976
8	-799
17	-1165
32	-400
3	-462
24	868
15	-489
17	550
25	859
19	-1157
38	-187
26	346
35	-594
7	-897
17	819
29	1123
22	-489
27	-1185
10	90
34	-220
20	177
22	515
15	709
6	-267
4	363
9	-303
2	597
36	15
12	224
7	649
39	-428
10	41
39	-288
22	1133
22	-928
2	-137
8	1178
24	-446
17	-537
12	-264
27	-1134
19	-584
39	-14
7	516
35	937
25	-50
23	530
26	113
36	-689
23	-300
19	366
3	216
13	14
31	821
22	855
22	831
30	1054
9	-71
2	1147
5	409
31	907
24	-1021
33	-1146
17	16
36	-318
25	-931
17	-792
18	1081
13	-194
8	718
16	-21
29	-436
19	-149
24	-725
1	-632
26	809
2	-457
24	954
37	718
30	-438
31	413
12	161
6	-1100
26	1195
14	-67
1	124
30	-997
4	-140
19	729
21	1158
21	-140
26	631
27	1108
10	-1165
37	-819
1	-739
14	-160
12	-724
29	262
4	874
9	-526
27	791
38	-58
22	379
32	-927
30	288
33	-821
33	-585
5	-533
19	888
30	888
22	946
6	375
2	-628
11	500
40	761
39	833
39	-17
3	854
22	824
35	733
6	1075
17	-432
30	1113
22	683
22	-314
29	-745
18	935
24	58
35	631
6	777
25	-1022
22	-111
27	852
28	-874
1	255
15	-483
15	333
25	388
8	-335
8	1060
29	-557
37	970
37	276
22	655
2	-1055
17	-542
17	1148
25	492
2	-980
11	539
20	-47
12	-435
27	583
23	-404
36	-437
33	-294
17	-222
6	1158
23	760
16	-362
13	741
7	-873
35	19
20	233
21	-1189
29	-1093
19	781
29	586
12	48
7	1055
29	219
2	-497
10	812
1	591
36	-843
21	1071
19	-121
32	-1190
12	-673
23	-400
29	60
24	902
36	111
27	-672
4	-939
2	151
5	1002
29	113
31	-196
34	-811
12	1119
1	1014
16	-521
35	-859
6	-1063
12	976
17	493
8	393
29	416
36	-609
10	332
37	652
38	-868
31	-94
7	619
35	390
7	-479
12	-158
11	-267
39	982
29	303
11	340
38	649
27	-639
35	838
18	-632
9	30
6	882
36	-52
34	-842
1	-111
12	-33
35	70
39	1096
17	370
6	859
26	-1140
29	-857
39	-52
19	1045
22	-1197
8	488
38	1122
5	-720
4	-576
1	-462
23	-1119
35	628
1	698
11	-748
24	209
20	88
9	725
29	-722
25	-717
23	-350
33	-252
15	-1158
14	-350
17	-632
25	-96
22	-755
19	-596
19	-184
3	968
3	422
26	607
32	613
26	947
22	-1163
14	-260
16	633
19	724
27	454
29	896
20	-578
10	315
35	-26
19	1043
24	464
22	238
36	-925
30	-215
27	-881
1	-1101
14	393
10	-802
5	388
14	-806
9	1062
40	1083
3	-471
40	-1180
32	558
39	1190
21	-444
22	-645
11	-850
26	823
36	311
23	-1183
8	97
31	88
29	-680
20	-278
25	-130
23	-112
15	-394
36	299
15	-726
16	589
4	828
32	1170
23	630
13	442
26	-506
2	-721
16	-335
8	442
15	296
6	-463
11	827
2	1010
2	-144
33	-837
15	-534
39	527
15	263
25	590
6	-637
25	714
34	-804
15	-1006
6	559
28	-143
4	-389
7	227
2	-121
5	465
19	-1062
1	-1087
38	-280
23	-526
17	1091
36	911
36	-74
18	-992
40	786
4	990
39	0
15	-512
33	-590
8	-212
28	-740
40	768
27	283
3	-173
39	-612
37	-167
4	278
1	732
6	1045
34	324
37	-71
35	-702
32	1160
7	-283
15	-553
1	-541
18	-1064
27	-785
28	1142
12	15
7	683
15	637
31	-1140
3	1067
27	-561
16	-762
12	-611
6	957
4	264
8	1027
7	-354
30	-40
36	-151
2	473
3	331
29	1186
29	-1157
14	874
23	718
7	37
38	355
40	545
32	-460
5	413
36	687
29	987
24	656
22	1109
9	1083
21	-169
20	-638
5	918
22	301
31	-777
24	1013
37	-721
21	-1017
2	110
17	159
23	-579
9	350
31	1026
38	-247
17	-917
1	261
32	-1009
11	749
37	-990
13	559
32	-173
4	-221
23	-212
24	689
7	418
31	-658
36	402
26	1132
26	608
16	-1140
37	563
29	247
11	1181
11	-1037
18	-115
15	745
33	692
21	1029
22	374
13	-741
4	737
39	-445
16	-567
37	577
20	-227
20	81
31	1106
4	-6
21	139
7	-591
5	-226
38	417
31	1032
5	-941
8	480
6	419
29	922
24	837
40	-98
23	16
36	-532
10	1009
29	351
8	-235
37	-2
4	-119
13	-627
8	522
1	834
5	736
1	123
15	932
14	-713
29	-32
26	-668
22	-304
30	716
32	-116
40	-908
9	-833
35	-1185
32	-639
31	1164
22	-192
32	-217
4	-871
16	172
16	244
10	1075
38	-363
34	877
34	-749
7	-491
4	104
34	-175
5	1059
39	-474
22	-601
33	762
33	-591
17	-825
19	738
27	-416
32	220
21	-885
27	329
17	-760
11	493
17	-1198
10	182
14	-1030
8	128
23	515
10	458
29	998
7	-656
13	-304
37	-114
22	-682
10	-331
22	-977
10	1096
9	-239
25	-448
4	-628
29	-954
24	438
2	754
34	-456
24	305
36	-398
31	360
34	-80
24	-1176
32	-620
30	-848
4	143
35	465
13	258
33	722
16	1189
25	291
2	-204
10	-99
26	-930
30	1151
20	-1067
17	133
1	-865
40	-1049
17	665
25	1041
32	874
40	403
17	428
13	377
10	-708
31	805
28	77
4	-1028
22	365
22	-389
33	-260
40	412
19	820
17	-904
38	314
6	-1096
27	115
26	879
3	-12
28	753
23	-497
3	-649
27	-107
38	-155
19	-744
20	-189
26	-528
21	1073
12	827
33	455
10	-149
32	431
26	857
40	-1007
39	57
23	-1116
16	-541
4	-1161
23	404
14	-1036
39	198
34	549
37	-455
20	1086
31	-244
26	-499
2	194
27	-149
37	891
2	384
7	935
8	288
1	-996
4	-768
5	110
32	-615
14	-1128
2	626
30	-182
23	-976
37	1062
8	589
9	-342
9	-825
24	-149
35	772
25	1058
1	-699
6	-8
14	-943
38	-939
6	-546
13	-667
9	555
13	-98
7	244
16	1140
26	-580
14	-617
32	942
27	-740
35	97
33	-149
13	550
10	-162
37	-649
28	576
37	1073
25	366
13	1038
17	816
7	-762
8	-1115
4	-167
36	-649
30	805
36	-64
15	1180
15	-756
16	0
7	-208
11	-767
39	174
1	298
33	-845
20	714
15	501
19	996
17	1082
21	177
15	-775
17	865
29	896
21	1016
20	-81
28	-300
33	-626
22	-85
15	-101
4	193
33	-1047
23	-935
20	-763
32	-655
21	74
40	373
20	-805
6	938
28	-1104
12	507
37	-700
6	194
32	-254
34	-205
4	-697
16	-176
39	908
9	-993
24	-933
12	-256
1	-693
21	-970
24	-401
15	586
29	141
21	348
35	307
39	995
13	-451
19	-822
5	255
11	995
4	-731
10	-225
14	-485
35	-385
24	652
34	42
37	-694
5	-464
29	709
27	431
26	-674
27	1196
5	-649
5	435
34	378
1	43
36	71
2	-195
31	176
26	-354
17	499
11	165
30	-642
6	166
8	991
13	672
21	-59
34	-101
32	-1123
11	-980
22	669
19	919
4	261
30	26
11	953
2	446
37	-98
24	251
38	-523
28	773
12	-586
7	636
8	-919
11	740
13	-1030
6	-472
23	-308
19	-611
37	728
9	-835
2	438
24	885
38	292
32	855
13	-1187
20	-232
32	-566
15	-344
17	-372
6	-573
8	-726
37	302
23	-219
40	242
29	-47
17	-586
37	-609
38	-1063
10	151
22	-796
22	-524
21	-272
16	326
16	-757
39	1106
33	2
19	-671
3	-1020
12	461
25	-922
3	-696
35	-1068
2	523
27	-59
7	-529
34	722
7	-372
22	-895
20	938
9	522
27	76
1	470
8	663
13	-170
15	288
4	362
19	-480
25	901
11	992
10	553
11	379
29	852
34	339
35	1071
39	205
21	400
28	-810
40	554
27	-156
32	925
31	-536
26	-36
4	989
5	-176
40	-54
11	-306
9	806
7	725
18	-112
22	255
11	126
20	503
40	306
32	902
6	61
18	-824
31	-1152
6	678
7	655
5	29
1	199
4	-1050
4	682
25	633
14	630
17	528
31	230
11	195
37	-833
6	398
31	870
14	33
21	1028
6	-892
5	505
26	274
23	504
4	-1155
15	903
2	1060
9	331
16	1096
34	1108
5	-673
10	198
37	95
32	-838
9	1033
13	-1008
10	-921
6	449
23	-145
26	-210
10	-974
6	-1023
19	139
27	402
3	842
14	454
8	-776
14	653
24	-107
10	-373
24	1134
24	-179
22	-1117
28	-975
31	257
20	470
17	469
7	-115
15	-938
31	1139
26	1122
27	-218
3	671
39	178
30	-281
15	460
14	-29
30	755
10	1041
26	-1032
39	89
34	387
8	-549
12	1068
23	-649
19	-983
38	828
7	609
2	-979
16	-1196
8	435
35	-1028
32	-1108
21	-591
28	453
28	-103
40	-861
2	-299
31	580
13	595
28	-283
35	269
38	421
30	-561
2	20
23	-279
11	598
35	-159
21	421
26	-874
20	853
40	447
9	-44
38	545
10	618
27	-912
28	-362
1	-997
34	529
7	435
7	-566
11	-1005
36	-734
2	-363
9	-485
28	351
38	770
14	-1051
14	-996
36	834
3	1160
24	-562
4	-157
28	-718
22	758
3	-297
8	814
15	-860
12	-945
10	-1140
3	-975
34	598
22	-1161
25	660
15	842
18	276
4	1075
1	849
1	452
37	413
19	-815
34	-880
19	62
33	-998
38	-452
2	-461
23	1024
2	-865
10	185
35	-334
32	-944
5	-777
15	-747
11	-660
27	-737
5	890
11	-1064
4	26
6	-187
13	-941
34	532
22	-288
10	-103
13	-993
5	19
2	-775
19	-1137
21	-980
40	305
5	-1118
23	583
18	364
31	-493
23	537
35	-294
16	567
40	-265
17	-1118
11	-389
33	-313
27	376
34	1025
2	-1135
32	-109
8	-303
34	1111
28	-670
38	-398
29	-321
29	625
19	1051
40	437
17	-1118
7	-301
15	1028
29	-774
10	1161
9	78
37	-58
15	558
27	296
6	-1055
11	-303
24	230
34	-876
11	-137
28	626
19	66
16	-423
39	-389
14	775
33	-613
1	-223
7	-246
27	-791
35	114
17	-1021
32	-439
29	1166
13	276
20	-442
11	666
9	187
23	825
27	131
28	685
5	-13
1	476
24	105
21	-509
8	-1048
3	-818
2	379
17	881
31	-508
36	-135
35	251
39	-1132
2	795
3	-15
33	735
33	129
12	-362
17	-459
8	-169
3	284
3	-70
16	-900
18	461
13	975
30	-1168
15	632
18	883
33	-60
1	539
37	901
40	135
6	303
25	-680
38	-525
19	-1194
7	-488
12	-777
12	-889
30	9
18	1045
33	-36
39	834
16	-618
15	887
29	458
3	64
9	-1036
19	-839
1	428
3	677
18	670
40	1180
6	355
12	561
15	869
12	1103
9	344
23	-322
7	955
33	-877
24	-846
35	-997
9	-82
24	685
7	931
40	-814
18	-822
31	885
36	-1043
21	955
3	1170
16	-525
8	205
20	-828
2	-387
5	-186
23	643
34	-746
31	133
31	433
12	275
39	-682
23	82
2	-381
27	942
15	586
17	769
2	634
16	-856
34	486
39	-609
14	167
27	509
4	-871
34	1089
19	543
15	-399
14	-633
39	-80
29	-633
4	351
14	-757
27	-823
34	258
23	-1092
34	462
15	-956
6	1169
22	-999
15	227
5	1190
5	-916
11	934
39	128
10	782
30	-1087
33	-781
20	-986
39	640
19	246
25	290
22	886
16	-649
25	-87
12	-1129
4	558
18	-471
20	770
24	40
28	411
11	115
16	-208
18	743
26	-1199
34	1130
24	-285
21	822
31	1154
20	897
9	-204
4	854
2	790
6	-79
19	504
31	-849
13	1192
25	-924
28	-474
1	686
38	-294
15	-250
18	-491
22	208
16	898
34	-600
22	-444
15	-988
31	655
33	567
13	765
29	811
19	-820
32	-1001
3	-49
31	362
27	1023
8	-1117
32	620
11	684
28	-656
12	596
5	655
2	1126
6	-40
21	-1150
28	9
7	-1056
7	-767
23	1170
38	549
10	-400
33	125
36	918
33	235
39	-175
7	842
30	281
3	-327
35	-1141
32	-890
30	-339
32	651
1	599
16	831
23	-550
21	468
28	-58
3	292
18	1086
34	230
8	779
15	-930
18	842
28	937
25	759
29	612
36	151
36	786
36	-883
17	-268
8	836
11	442
26	59
39	-958
36	622
23	1131
31	78
16	146
6	-461
34	-469
12	-708
9	-319
8	-304
9	-414
11	1130
12	-952
26	-702
23	-790
14	1155
32	-340
6	271
1	-879
5	-198
21	-1118
4	-128
1	739
1	1164
31	706
40	-151
29	-382
40	820
31	-1100
29	-464
35	-525
15	-1040
6	-232
29	-784
18	726
6	-205
12	386
7	537
32	167
9	1147
23	-181
36	-435
8	-640
8	-900
5	1070
12	-35
10	-6
31	124
24	-308
29	236
19	-810
5	-397
24	-325
2	484
37	840
30	-51
28	-1021
13	883
14	107
15	495
2	465
3	190
39	-213
27	-766
28	234
19	-543
5	1051
22	95
3	-260
20	866
17	308
16	670
5	-1188
39	-806
30	74
21	-412
23	657
31	-670
10	1072
8	123
13	811
4	346
17	183
35	-1141
20	-1162
31	-382
25	757
23	907
35	516
20	-395
40	687
31	-163
13	211
14	-1046
14	537
16	967
23	-831
38	685
12	1120
1	-1051
2	-642
5	553
35	-957
40	-642
27	416
8	-703
11	-365
4	763
23	166
31	846
33	879
35	-724
40	230
9	-430
15	-768
39	855
29	577
3	-340
23	-203
2	-1033
25	-825
11	-972
29	-931
37	-771
7	-1186
33	664
34	524
1	47
3	-269
11	262
18	1079
24	609
26	-109
18	-537
1	-983
23	-167
13	-841
20	121
39	-324
14	414
21	-743
6	638
35	-823
36	-1033
8	993
38	127
4	-139
14	1110
24	629
14	-802
27	614
31	-892
36	206
23	-1041
27	920
6	677
33	-480
13	6
35	-149
12	-682
36	-1021
4	-1043
2	159
15	-733
22	199
13	-596
12	541
23	873
32	-19
14	-703
38	938
36	973
7	-1094
24	781
34	-362
5	-334
6	1178
39	280
38	-303
18	676
32	-153
28	900
19	-706
1	481
36	915
22	31
4	908
40	426
21	-495
21	-912
37	1016
31	-1123
30	-933
4	-253
31	168
20	-381
16	1136
21	575
27	627
15	960
32	1076
33	-218
15	207
16	-443
26	-505
15	405
35	-332
36	264
24	130
19	937
30	608
26	352
16	-367
20	14
28	271
37	-5
26	-1151
32	-667
14	882
15	-1092
16	-161
5	-306
20	954
26	285
4	-952
39	580
31	46
35	-837
15	-282
38	-1056
6	23
14	-307
7	-78
6	744
12	699
8	-449
10	-399
3	33
15	-319
21	-1037
7	-1074
26	1040
24	-86
16	-483
13	1046
35	-494
37	383
5	-1017
2	663
10	-203
19	1081
11	1058
22	442
24	-537
2	782
39	576
37	-4
34	808
16	-929
38	651
8	-181
13	-743
18	-244
21	-1020
36	-213
9	-572
28	0
30	-594
1	689
27	-958
8	886
22	-1050
22	940
9	640
13	-987
39	-627
33	54
23	3
29	-995
28	93
31	1100
14	1001
13	855
16	-1103
31	587
19	937
12	681
37	1023
16	-723
36	-1062
7	-292
24	-498
4	870
3	-1157
35	1179
23	-1149
30	792
11	-108
28	395
1	791
19	-557
17	-933
9	-568
40	50
14	-1077
15	1179
25	-840
36	-610
30	-1198
27	350
7	-208
31	1024
33	905
17	-704
30	1030
22	-564
35	-101
1	-816
36	-486
18	-1032
23	-270
25	540
33	-644
40	-252
18	-873
33	86
19	-241
5	-433
2	-68
28	597
5	59
21	-916
22	-500
40	579
27	-357
11	61
24	-520
26	524
29	-685
5	505
38	829
22	169
10	1103
2	-934
7	720
30	643
19	66
9	644
24	792
28	-148
22	98
27	-911
28	1080
1	-401
25	-680
39	389
34	-1167
29	-7
20	-590
9	-90
23	-1151
18	937
15	716
34	988
28	1132
15	-1010
36	1035
4	-1023
8	-155
4	-315
21	810
15	-67
1	-161
26	-995
5	254
16	1060
16	456
7	-411
13	19
34	422
32	74
14	-769
4	-169
23	554
37	631
8	-726
30	-734
7	620
31	-745
11	498
26	321
3	-166
39	122
5	-904
30	1100
30	500
10	609
38	-767
29	797
40	7
25	-264
4	1178
33	417
30	893
14	3
21	1104
35	-105
14	214
6	642
23	-913
2	1097
23	773
10	-5
39	-866
12	312
29	172
35	-678
1	-164
7	-449
10	-584
20	217
39	-519
5	808
11	-358
31	-921
14	-350
13	696
29	168
27	-734
20	-1143
6	-555
9	433
18	-1109
31	-600
23	-150
7	-116
36	-400
15	-1109
30	55
14	-634
15	511
1	432
10	-1169
36	-1031
13	534
31	692
39	479
15	-925
7	-994
38	-288
13	-942
14	-774
9	303
34	-691
10	-743
9	885
4	-763
40	-577
24	-495
24	-405
3	-1097
21	-230
23	-991
34	184
28	-665
37	1034
2	-909
6	1188
16	-932
13	547
9	-669
28	961
12	-655
12	-920
23	388
1	296
32	489
18	1094
21	990
32	674
39	-82
32	-861
39	185
29	-756
3	-371
2	-971
20	195
35	852
30	273
30	856
17	-254
25	1117
19	-427
37	375
39	-297
29	11
27	-550
34	776
7	-325
11	-1186
40	-802
24	-899
30	37
12	425
31	-935
5	403
31	1029
11	54
36	621
14	823
40	-982
33	686
15	-1147
32	-998
9	149
4	25
9	-895
29	58
32	-413
33	539
21	90
3	874
36	-408
26	672
34	-840
10	363
29	804
37	664
4	-15
32	240
3	-620
29	-614
20	769
31	626
40	612
38	461
13	929
36	997
37	-721
4	-1072
29	-827
9	-615
32	626
15	-456
22	-255
37	524
40	-89
39	196
22	-553
21	1076
11	-256
22	585
6	888
24	-374
36	915
12	-103
1	1055
39	125
26	-27
7	-279
12	769
4	-70
11	-348
36	-1171
30	1118
40	-801
6	681
13	839
24	-576
21	262
5	-473
38	836
8	1118
26	-746
10	-175
21	14
8	-291
9	743
16	367
2	-419
27	775
22	-845
39	-12
36	-1070
4	-439
2	-92
33	-979
25	907
8	-3
7	196
21	1063
21	-124
17	-202
3	-797
8	-1032
36	-825
22	977
20	-121
2	648
30	-1086
22	147
29	207
33	55
1	-457
40	-464
30	251
40	-185
21	204
21	205
25	907
17	-328
40	1148
19	-612
32	-284
34	-35
28	-304
39	335
27	1107
8	1128
29	-1104
16	-880
23	-319
28	-249
9	-520
39	-585
5	-772
23	-210
18	228
10	595
7	263
23	670
39	-764
35	752
3	1040
39	-390
39	-114
16	-1169
8	-138
27	827
15	-545
18	199
22	117
24	951
20	65
15	144
36	-374
20	709
7	636
21	415
23	-469
7	-558
14	859
26	1195
21	-614
9	-1188
26	255
38	-987
19	345
19	-957
30	1019
26	298
22	663
8	-480
17	-501
11	-421
14	-1126
31	684
37	-262
24	352
34	581
17	999
7	-1100
8	507
4	-523
14	366
4	179
2	689
27	-557
29	-421
29	-1046
8	855
29	53
1	700
6	-743
24	-1148
23	703
29	-17
30	-75
14	24
23	324
5	-443
26	1031
19	351
40	-789
17	-444
31	-587
17	647
3	-956
27	-82
24	-424
12	868
22	-365
6	-863
1	823
12	271
2	-773
16	461
7	-376
26	-722
28	-578
35	-989
36	762
37	-447
13	600
18	-763
27	-884
16	1172
3	90
27	-115
5	-775
39	841
21	756
40	704
3	1036
20	-493
21	-1072
27	-607
6	449
2	-708
32	264
40	-743
29	115
20	795
3	-749
34	800
12	20
35	-238
21	-716
18	-277
3	-348
2	659
35	647
16	-578
21	901
15	166
23	-690
22	-604
21	-584
21	1074
9	636
5	-749
25	1055
40	-262
2	1123
33	929
16	671
20	925
15	-1097
37	-437
17	-357
16	1121
35	225
12	184
40	-97
1	-361
1	577
18	-268
32	522
14	-711
38	407
2	662
3	-88
4	532
36	-171
22	-964
10	324
30	493
6	-876
8	9
38	-518
18	-639
7	274
13	477
36	-664
37	-758
31	-487
10	-28
9	-1154
3	-513
28	-942
20	-399
27	-5
2	690
29	-237
11	-1145
6	175
28	-656
32	-105
25	99
27	647
19	106
19	-1044
13	-445
37	-745
5	916
3	1073
16	692
10	-1116
30	-820
11	518
7	376
10	-187
2	1071
37	1107
29	463
6	-1097
39	-393
1	-634
19	-224
17	-26
22	632
6	-393
26	867
11	343
6	-611
37	-768
13	287
2	879
18	249
15	-546
1	-367
4	-524
26	861
8	-624
1	909
17	586
3	-230
22	183
20	361
1	735
1	-975
26	611
4	-676
1	-1043
13	-275
36	-884
19	-366
10	-1020
23	1079
14	-271
31	1024
40	-369
21	604
7	-196
26	-688
26	-995
12	-685
20	-46
12	309
37	522
5	385
13	-264
31	-1036
14	-1162
25	-419
31	564
33	-135
1	67
22	-190
1	-867
36	783
23	915
11	1026
3	-591
31	1007
19	-997
34	101
15	-382
34	1163
2	-275
12	391
40	133
11	224
11	-418
13	-209
26	139
4	5
38	491
10	-444
13	525
3	-408
9	-127
18	-650
37	-260
7	824
33	9
1	-285
30	1082
1	1123
15	-248
16	-522
1	-330
39	-939
5	-975
37	-182
31	766
36	-478
6	-267
27	-867
4	-193
10	-921
32	1041
14	-191
6	-995
10	-623
30	-133
20	720
6	-485
35	-623
19	378
3	-627
29	579
26	-712
27	830
11	839
1	-1069
29	680
24	-805
39	-831
1	-681
28	-603
25	624
6	721
19	987
10	349
33	-189
14	-778
35	193
21	751
31	-423
12	-251
20	-307
7	432
10	322
12	-124
37	-108
11	-761
17	755
28	928
23	-350
12	601
4	-612
12	610
13	460
10	143
29	-499
37	549
15	125
18	384
13	607
24	130
5	405
14	-856
7	-508
34	350
26	-378
6	286
19	-852
20	-1069
29	1194
29	97
22	-781
27	-306
3	1152
31	1098
2	763
32	960
3	50
19	-342
12	-10
3	958
5	539
11	918
26	-800
21	-503
38	664
33	936
34	1018
7	189
1	-32
22	-306
27	-790
38	-193
4	-570
26	30
34	-1179
29	-91
24	-156
21	322
1	314
23	-975
3	-354
35	783
25	666
8	163
13	-516
3	1144
1	959
10	860
39	-692
21	114
29	436
11	503
35	527
20	814
28	1019
6	-1101
4	654
29	695
9	213
23	793
4	-693
4	704
35	-170
4	861
17	-408
11	694
29	609
6	-1157
36	-965
29	699
17	135
33	1178
32	1012
38	-1007
11	976
35	586
1	-134
12	579
39	1086
39	-795
32	171
31	3
14	794
39	1023
6	306
21	860
2	540
24	-352
35	990
4	-268
25	531
28	-922
2	-447
19	478
36	323
37	-743
16	-736
1	-911
6	-377
9	-453
39	-637
40	-216
36	369
18	60
23	-295
15	4
19	619
3	-932
12	-1169
10	369
29	-527
19	-966
35	-841
18	-98
32	112
8	838
40	736
39	1051
22	-582
22	1023
27	-1091
29	-821
7	287
27	785
35	248
11	-695
30	-326
21	725
16	1106
28	999
1	-505
13	-965
31	691
34	-758
15	-24
21	-1186
25	-648
5	228
29	364
26	-1023
7	176
32	-748
38	-811
3	-356
34	-331
24	351
30	55
3	531
20	431
8	337
34	423
6	934
14	-643
26	1038
36	-151
23	486
28	-836
1	678
2	1089
40	-776
21	242
10	-487
19	1132
32	118
9	-105
21	767
32	746
2	1186
23	-268
36	259
18	279
24	-360
28	-898
35	-161
1	-1049
29	501
24	-212
7	-445
28	-1028
11	695
2	-633
35	-768
27	835
31	-981
26	-341
6	122
25	-457
31	136
16	1035
28	997
12	-798
34	-184
9	490
34	-1153
28	-738
16	-903
34	719
8	230
27	477
27	-176
2	787
34	893
2	-501
29	14
5	793
27	-289
11	554
5	953
6	-379
11	917
14	-510
7	143
24	-936
4	-124
17	-241
8	427
6	310
12	-346
39	671
32	274
33	647
13	45
7	348
21	-704
34	712
40	-760
15	-757
8	-368
34	-527
31	-510
26	142
4	-66
5	-472
22	-1013
4	358
19	997
14	-323
30	90
33	-755
19	-1145
31	-483
10	-126
34	570
30	-703
19	-299
32	1149
37	-82
39	-512
10	736
20	-226
28	456
2	377
3	530
36	1119
34	-449
30	432
23	-628
11	-99
1	-60
26	-1040
28	-1147
34	381
37	503
3	-1138
32	-51
32	0
21	1134
13	-1024
29	-816
13	-561
31	-908
9	293
12	-890
17	-724
6	147
4	658
34	158
5	283
27	343
38	-1076
40	-306
22	-747
33	-518
19	-7
23	684
38	247
13	680
34	-917
31	-703
4	-452
18	-4
21	505
29	-1138
39	708
21	851
22	-1120
1	-1165
10	918
15	61
3	1104
27	514
29	46
11	1194
31	752
10	-644
33	665
23	-977
5	-538
25	832
20	-506
27	-284
31	-473
28	-475
27	-105
14	-74
5	1066
36	-80
32	-1044
18	780
26	1191
10	-1178
28	600
12	-107
30	1045
24	1018
30	734
5	609
5	960
23	-658
26	963
8	932
34	1079
13	-602
19	1191
10	-206
35	-1187
30	-351
25	-1075
16	-649
20	1107
24	554
29	-827
35	-351
27	449
17	730
25	-916
39	25
23	-41
40	-456
34	708
32	83
25	-111
10	545
4	-644
14	-1100
37	-36
40	586
33	-961
22	-920
12	-273
21	1184
16	841
38	-1170
3	-725
9	-698
25	-447
37	806
26	-78
16	-891
14	294
1	-594
22	649
35	438
26	-312
20	1072
19	-696
13	-804
26	-221
40	-188
14	-1162
22	954
6	-495
31	250
26	1115
18	-486
29	-664
7	1189
31	-1094
6	494
24	307
24	1160
3	-285
32	-75
11	852
22	-590
26	-690
39	897
8	-319
30	-236
1	339
14	-75
5	37
12	380
20	1190
16	732
18	-429
36	979
4	-1138
18	1128
6	-288
13	134
13	418
27	1141
20	-1001
33	-968
21	1177
19	1092
26	207
32	464
35	-661
10	-754
19	-558
18	-504
38	875
40	620
14	-680
9	-50
16	-475
2	-578
27	-245
21	-166
21	-416
32	1034
24	-703
9	-262
34	-1147
4	-187
18	763
32	-1116
31	822
3	523
9	1055
5	86
26	-661
35	-1029
23	814
12	137
2	-1147
20	-98
16	-560
9	442
8	2
23	647
33	1184
17	-938
16	33
9	-1196
22	877
30	-608
34	-615
13	1143
34	662
31	-85
27	797
4	605
2	-620
15	-1141
6	-1154
15	-224
35	-169
8	613
23	-527
40	469
17	-527
18	1010
29	-404
34	18
34	695
16	1182
15	728
21	-1095
2	677
14	1029
23	-45
29	462
33	322
17	155
22	661
21	316
37	82
14	222
36	-184
26	629
37	-92
15	-72
28	824
13	-920
9	653
12	-474
37	-462
22	435
23	510
14	-367
33	-123
18	1010
8	437
9	-10
38	450
39	53
37	1
30	-1022
5	965
36	-858
8	-882
33	-731
10	19
11	267
37	1136
5	-535
38	683
14	-464
16	100
1	127
26	1175
14	87
12	-536
7	98
5	-895
36	1179
9	-928
14	253
2	1141
35	853
30	-958
28	731
37	1182
25	701
32	-497
16	172
15	-980
10	26
29	-27
20	-254
27	-715
1	-742
22	-570
11	1066
27	-98
9	353
3	320
5	681
20	701
9	480
19	-147
19	379
31	913
18	-1083
17	-141
2	1030
31	1184
32	-828
28	919
3	-1047
24	865
8	-836
7	138
17	307
5	-844
11	-197
34	-939
26	-450
2	-309
8	543
14	206
31	14
35	212
25	668
18	752
24	-914
21	308
1	805
2	686
2	-1005
1	338
26	1088
39	35
31	-491
10	-1140
25	923
29	23
20	-1176
5	-57
28	-690
27	-170
24	916
35	-866
10	656
14	97
3	-33
18	-661
21	-872
21	1117
19	856
23	634
38	1009
13	-795
23	-205
4	-610
37	12
25	29
29	121
9	-1093
38	384
37	198
7	27
4	-959
20	981
5	-936
7	-764
34	-541
27	289
13	338
27	1095
18	852
36	130
15	-1045
37	-865
17	-101
7	547
1	-892
17	599
35	891
18	837
25	447
30	354
23	-368
8	436
14	-764
28	410
7	-443
39	539
1	-1173
12	190
39	-374
30	-1076
31	-770
38	417
21	502
26	-410
9	408
5	-687
24	-1039
14	-250
34	969
12	798
25	1069
37	778
38	438
12	855
20	-1024
31	140
21	-4
17	-657
4	42
29	-654
10	1150
1	346
2	936
26	227
19	38
13	108
14	480
6	777
9	692
12	600
14	1081
37	-1001
30	-635
22	980
29	398
12	851
15	976
15	-614
24	-14
35	-145
13	111
20	979
6	-1129
8	-150
29	-450
8	301
7	-547
7	-841
23	-496
4	51
24	-15
38	-834
5	1160
15	1079
37	468
17	-915
1	834
1	0
15	1094
35	-9
40	593
37	-182
5	-626
14	512
5	468
6	44
20	796
21	596
16	762
20	956
34	-476
24	-984
40	-1060
16	-985
23	-909
19	-786
2	917
19	297
28	-825
3	-244
36	-157
6	-580
38	-651
16	1178
18	-841
8	-811
35	804
18	454
29	-113
3	-875
6	703
36	-540
11	218
37	-1065
1	843
33	-370
4	-396
11	-1013
28	1122
30	-284
28	161
24	-877
32	-167
11	995
9	-395
40	1180
34	183
24	225
36	405
33	346
18	294
17	-1109
5	972
3	-182
19	-623
37	-734
18	480
36	-663
27	891
12	-75
33	-644
16	901
36	185
15	620
22	-518
24	1074
6	964
3	-1079
17	737
37	1060
35	1132
39	-620
32	-47
37	-1134
16	-75
11	-370
20	-95
21	137
37	-225
33	-61
8	1047
35	725
36	-556
22	-664
20	32
8	482
30	-1053
17	1025
34	1061
21	-5
35	-332
14	639
13	-274
12	-975
24	-114
16	-961
25	142
10	-670
3	-376
14	1196
7	-590
7	396
12	528
6	-891
17	-1067
27	282
32	106
1	-987
36	-662
4	-555
17	-1081
35	-39
20	1051
31	-928
17	1184
21	1003
26	-866
14	626
24	813
10	936
24	-505
28	-699
21	111
14	1061
18	-430
2	1082
27	28
31	513
15	456
12	937
5	-752
32	-491
18	551
39	-964
28	-574
34	95
3	161
30	-384
36	-550
23	121
10	6
31	-789
23	-606
6	-716
2	-143
29	777
10	371
19	993
13	868
23	-1162
2	-411
5	321
19	1095
17	940
12	422
28	-322
12	523
29	-1053
30	-25
13	-999
37	-960
20	516
31	654
9	583
14	914
35	173
33	-856
27	724
21	-865
28	629
4	986
24	597
38	-747
27	1195
28	961
12	-187
29	500
18	926
11	58
30	-317
7	-961
17	1056
22	925
34	-463
21	611
10	942
5	930
24	1099
31	102
24	11
7	-129
39	-1065
37	-439
22	104
26	-645
32	-926
25	770
30	-185
33	-1096
6	1119
9	37
13	-36
34	512
12	-165
13	190
18	1053
4	-1037
33	498
34	362
16	1040
2	-448
5	-1101
25	-806
5	489
1	-261
2	590
9	514
27	818
23	-203
34	-819
5	-980
14	816
2	1040
23	-396
40	-188
8	-709
22	-1190
25	848
6	-1070
30	904
14	268
39	753
4	-1195
8	-409
28	608
22	-1136
7	-149
17	733
38	138
23	280
18	-293
26	483
9	-399
25	846
30	-1113
23	-967
5	645
18	-661
31	-491
2	-1185
30	-314
38	59
31	-740
20	-644
17	-873
23	415
29	-332
24	1109
24	-1051
3	524
21	-785
37	902
17	1133
35	-272
12	280
22	215
31	363
5	-27
40	290
31	444
6	65
16	853
38	-189
7	-24
5	707
37	-248
36	670
7	-714
39	545
34	1007
1	-533
26	-988
34	385
6	664
11	-68
8	-1024
20	-1051
27	-977
14	-567
11	520
4	-513
15	978
39	-771
12	-177
2	1019
18	1178
3	869
1	-455
34	-668
4	-950
21	194
4	-720
7	278
35	-609
40	890
25	980
26	-422
7	-94
30	-359
20	562
10	15
26	450
12	456
9	-770
16	361
1	145
37	651
29	529
21	1110
2	209
13	-251
10	-548
39	-879
26	1167
14	-1094
5	-975
16	291
1	-1111
1	292
32	-53
33	497
34	618
12	-1136
39	-633
36	-918
34	835
2	-1010
21	-523
10	-1163
21	394
1	-1178
25	-283
4	-1055
15	205
25	200
9	-905
1	67
3	-1087
29	48
27	460
22	133
2	517
40	-112
38	646
29	742
11	-1143
35	775
14	777
4	918
29	-1136
40	638
22	-1119
7	-1151
39	1020
28	1009
17	-339
23	1045
9	539
2	542
27	523
33	874
12	375
28	-13
37	-843
36	670
17	-398
22	-581
33	789
22	62
1	0
37	713
22	-284
39	-784
39	772
20	-47
9	-903
10	36
8	-269
25	-682
16	643
3	-791
32	-564
20	-235
22	-953
20	492
40	213
18	102
18	-1061
38	525
33	-92
28	1134
8	77
24	-897
25	-710
37	-361
1	872
28	1090
11	-747
8	136
15	-168
17	-347
10	-186
39	1170
24	834
34	302
16	822
4	49
13	-772
4	859
31	145
31	121
38	1082
2	1192
23	335
18	-520
15	-688
37	-1051
28	-863
7	1186
34	-849
29	439
4	948
38	549
1	491
31	141
35	707
21	-663
9	-603
9	-569
12	202
40	22
29	378
20	255
36	-327
19	229
2	263
34	-404
28	204
6	-85
3	-56
8	616
5	684
23	-496
38	891
16	861
8	-222
19	-367
13	795
11	-320
9	-482
10	-82
25	758
26	1060
26	-337
1	985
30	744
3	322
0
