7
0 0
497 999
498 1
499 999
500 500
501 999
502 1
503 999
999 0
1 2 0
3 4 0
5 6 0
1 2 500
1 2 999
3 4 999
5 6 999
3
0 0
499 1
500 999
501 1
999 0
1 2 0
1 2 0
1 2 0
1
0 0
999 999
1000 0
1 2 0
99
0 0
10 839
20 619
30 410
40 627
50 293
60 4
70 260
80 468
90 749
100 799
110 524
120 887
130 214
140 752
150 379
160 238
170 832
180 38
190 899
200 131
210 601
220 316
230 34
240 499
250 408
260 212
270 377
280 158
290 701
300 239
310 144
320 653
330 164
340 623
350 54
360 594
370 888
380 92
390 589
400 339
410 443
420 278
430 295
440 179
450 84
460 793
470 620
480 629
490 55
500 11
510 514
520 131
530 887
540 565
550 244
560 117
570 79
580 822
590 796
600 598
610 818
620 620
630 752
640 275
650 85
660 257
670 886
680 82
690 252
700 780
710 807
720 304
730 251
740 316
750 133
760 550
770 80
780 326
790 694
800 353
810 392
820 794
830 185
840 229
850 756
860 474
870 317
880 532
890 397
900 550
910 543
920 173
930 62
940 391
950 856
960 195
970 263
980 408
990 477
1000 0
3 5 210
2 6 549
1 3 293
3 4 136
2 3 581
4 5 859
4 5 488
1 5 560
4 6 894
2 4 632
2 3 274
3 7 974
4 6 980
3 8 142
3 5 62
4 8 260
5 9 857
4 7 72
2 5 171
5 8 914
3 7 6
3 5 805
5 8 664
2 5 564
2 7 308
5 9 771
4 8 693
1 3 884
3 5 966
1 3 160
3 4 177
1 6 760
4 9 696
1 2 741
4 7 900
2 6 200
1 3 974
2 7 694
2 7 437
1 3 168
5 7 371
2 5 426
1 5 262
3 6 558
2 7 990
3 6 954
5 8 155
4 7 809
1 6 702
1 6 435
2 5 763
4 9 928
4 5 598
1 3 613
3 5 775
2 3 965
3 8 880
4 8 565
1 6 176
5 10 192
4 8 246
1 2 884
5 8 511
4 5 449
1 3 195
4 6 134
5 6 233
3 5 574
3 4 107
1 5 304
2 6 332
1 6 719
1 5 879
2 7 592
3 6 17
2 6 993
5 8 466
3 6 719
5 7 99
4 5 871
1 4 614
1 4 526
3 4 302
1 6 131
4 5 700
1 5 713
2 6 713
3 4 352
4 7 446
1 5 880
5 6 37
1 3 293
1 2 784
2 7 235
3 7 379
4 5 518
5 9 384
2 5 576
5 10 810
99
0 0
10 479
20 491
30 890
40 769
50 353
60 260
70 777
80 574
90 529
100 689
110 166
120 141
130 769
140 893
150 426
160 860
170 325
180 747
190 851
200 300
210 437
220 310
230 405
240 892
250 660
260 696
270 508
280 382
290 336
300 178
310 61
320 208
330 613
340 143
350 253
360 688
370 791
380 740
390 14
400 715
410 131
420 396
430 95
440 98
450 261
460 164
470 681
480 195
490 872
500 576
510 189
520 523
530 481
540 465
550 396
560 47
570 804
580 309
590 790
600 383
610 868
620 211
630 354
640 256
650 559
660 896
670 17
680 517
690 176
700 115
710 142
720 494
730 843
740 469
750 220
760 31
770 8
780 803
790 94
800 157
810 806
820 226
830 453
840 68
850 292
860 862
870 537
880 28
890 61
900 143
910 261
920 214
930 201
940 576
950 656
960 171
970 765
980 377
990 363
1000 0
1 7 613
9 18 272
6 8 532
12 15 379
6 8 839
16 17 597
19 29 515
8 9 939
19 21 255
15 22 621
16 17 640
4 11 306
20 23 497
19 23 828
7 11 992
17 21 374
10 20 380
2 10 550
1 10 863
14 20 619
20 27 600
12 20 465
5 12 812
9 18 948
3 6 843
10 18 322
9 12 825
2 10 495
13 18 727
8 17 82
11 17 732
6 12 679
11 17 483
7 17 40
1 2 358
11 19 283
18 26 440
8 17 673
13 18 94
6 10 270
15 19 630
4 9 268
6 7 861
3 6 653
9 16 107
8 15 470
5 6 695
17 27 690
17 27 748
15 21 485
14 19 280
12 18 82
8 9 776
1 11 478
7 11 312
2 3 62
10 20 88
3 4 327
15 21 530
16 22 562
12 22 172
18 23 926
8 16 646
2 3 768
13 18 388
14 16 635
8 14 615
18 22 744
16 24 623
6 9 488
6 13 976
14 23 27
20 27 717
17 19 370
7 8 218
12 22 295
15 24 222
12 19 281
11 13 288
7 14 590
19 20 297
5 15 263
12 15 866
19 24 592
10 20 880
6 12 742
11 15 948
14 18 946
4 7 404
12 21 338
18 20 730
3 11 776
17 22 602
9 19 296
18 24 68
16 18 696
18 25 385
7 9 230
6 14 864
99
0 0
10 175
20 847
30 142
40 823
50 142
60 466
70 159
80 679
90 291
100 474
110 711
120 648
130 114
140 359
150 412
160 213
170 102
180 166
190 811
200 772
210 864
220 429
230 617
240 682
250 494
260 554
270 580
280 449
290 275
300 506
310 842
320 608
330 213
340 411
350 723
360 616
370 480
380 130
390 745
400 117
410 260
420 243
430 472
440 893
450 885
460 463
470 360
480 863
490 342
500 537
510 797
520 441
530 848
540 860
550 532
560 214
570 172
580 247
590 867
600 263
610 797
620 488
630 607
640 475
650 812
660 342
670 560
680 565
690 206
700 189
710 561
720 374
730 477
740 392
750 225
760 354
770 418
780 598
790 394
800 788
810 782
820 216
830 894
840 895
850 316
860 514
870 760
880 724
890 237
900 169
910 140
920 217
930 852
940 311
950 853
960 346
970 601
980 889
990 390
1000 0
3 6 808
3 5 977
3 4 696
3 4 669
1 4 496
2 5 361
1 3 42
2 3 229
2 5 385
3 5 577
1 4 145
1 4 548
3 4 734
3 4 329
2 3 146
2 5 177
1 2 935
1 2 552
3 5 111
2 5 96
1 2 323
1 4 292
3 6 635
3 6 540
3 4 959
1 2 637
2 3 731
3 6 145
2 5 106
3 5 111
3 6 123
1 2 786
1 2 922
3 6 870
2 3 478
3 4 901
2 5 863
2 4 710
2 3 312
3 6 968
2 3 696
3 6 598
3 4 362
2 3 477
2 3 36
3 6 278
2 4 820
1 2 652
3 6 34
2 4 277
2 3 766
3 6 666
3 6 411
2 5 178
1 4 505
3 4 146
3 4 95
1 3 112
1 4 823
3 6 148
1 2 31
2 5 773
2 3 338
3 5 52
1 4 83
1 3 493
3 4 329
1 2 886
2 3 10
2 3 35
1 2 887
3 4 138
1 4 873
2 4 262
3 5 232
1 2 960
2 4 517
2 3 878
1 4 367
2 5 501
1 3 785
1 4 738
3 4 706
2 5 591
1 3 788
1 4 492
2 3 169
1 3 66
1 4 329
1 4 647
1 4 777
3 5 549
3 4 185
2 3 267
2 5 61
3 4 352
3 5 73
1 2 763
1 4 480
99
0 0
10 527
20 574
30 505
40 761
50 795
60 895
70 740
80 772
90 763
100 564
110 644
120 651
130 764
140 845
150 896
160 674
170 878
180 764
190 823
200 745
210 506
220 623
230 746
240 827
250 693
260 509
270 894
280 547
290 732
300 581
310 827
320 621
330 664
340 842
350 662
360 841
370 589
380 581
390 657
400 672
410 617
420 578
430 622
440 594
450 561
460 877
470 736
480 840
490 608
500 600
510 625
520 677
530 681
540 821
550 878
560 661
570 703
580 773
590 869
600 819
610 888
620 591
630 855
640 609
650 888
660 689
670 812
680 576
690 690
700 750
710 584
720 585
730 705
740 639
750 814
760 734
770 561
780 823
790 622
800 828
810 607
820 796
830 899
840 730
850 667
860 503
870 594
880 850
890 644
900 645
910 647
920 505
930 507
940 685
950 751
960 800
970 871
980 617
990 608
1000 0
3 31 357
5 28 647
5 9 786
3 6 263
3 45 222
1 29 526
2 8 217
2 20 297
2 52 299
3 30 947
5 12 24
2 44 782
5 7 36
4 30 553
5 11 219
3 18 132
2 8 993
3 44 607
2 25 571
3 21 955
1 26 870
1 40 700
2 44 887
2 16 422
1 20 236
2 19 528
3 11 65
4 23 808
3 19 330
3 11 380
3 8 94
2 3 819
1 12 229
2 30 182
5 50 690
5 32 816
3 28 945
4 48 124
3 33 158
2 35 854
3 34 518
3 51 247
2 26 517
4 38 407
2 15 30
4 39 537
3 35 331
4 51 951
4 42 141
4 19 365
1 4 495
5 34 990
2 27 662
5 53 335
3 18 972
1 39 38
5 39 90
4 47 909
3 50 371
5 38 629
5 16 185
5 21 369
5 19 613
4 51 648
3 6 144
5 24 859
5 51 362
1 22 162
5 9 807
2 26 793
1 15 755
2 24 715
3 8 956
1 42 694
5 14 663
2 46 966
3 6 710
5 33 267
5 51 580
4 45 774
3 16 515
1 50 385
1 37 767
3 27 312
4 5 318
3 20 176
4 15 387
4 48 835
1 19 814
1 46 426
3 25 580
5 16 148
2 30 948
3 24 988
2 36 882
2 48 773
5 32 971
1 7 951
3 39 364
99
0 0
10 800
20 800
30 800
40 800
50 800
60 800
70 800
80 800
90 800
100 800
110 800
120 800
130 800
140 800
150 800
160 800
170 800
180 800
190 800
200 800
210 800
220 800
230 800
240 800
250 800
260 800
270 800
280 800
290 800
300 800
310 800
320 800
330 800
340 800
350 800
360 800
370 800
380 800
390 800
400 800
410 800
420 800
430 800
440 800
450 800
460 800
470 800
480 800
490 800
500 800
510 800
520 800
530 800
540 800
550 800
560 800
570 800
580 800
590 800
600 800
610 800
620 800
630 800
640 800
650 800
660 800
670 800
680 800
690 800
700 800
710 800
720 800
730 800
740 800
750 800
760 800
770 800
780 800
790 800
800 800
810 800
820 800
830 800
840 800
850 800
860 800
870 800
880 800
890 800
900 800
910 800
920 800
930 800
940 800
950 800
960 800
970 800
980 800
990 800
1000 0
2 4 607
2 3 977
2 3 739
2 3 79
2 4 175
2 4 365
2 4 231
1 3 177
2 4 955
1 3 246
2 3 224
2 3 921
2 3 837
2 4 933
1 2 58
1 2 755
2 3 825
1 3 202
2 4 453
1 2 906
2 4 363
2 4 527
2 3 200
1 3 647
2 4 67
1 2 613
2 4 500
2 3 928
2 4 284
1 3 137
2 4 510
2 3 367
2 4 896
1 2 313
1 2 565
2 3 510
1 2 191
1 3 990
1 2 90
2 3 878
2 3 716
2 4 171
1 2 267
1 3 224
2 3 608
1 2 116
2 3 920
2 4 850
2 4 600
2 4 670
1 2 202
1 2 223
1 2 743
1 2 334
2 3 916
2 3 911
1 2 712
2 3 45
2 4 849
1 2 797
1 2 991
1 3 11
2 3 171
2 3 31
2 4 496
2 4 898
2 4 795
2 3 42
1 2 307
2 4 199
2 3 563
2 3 890
2 3 655
1 3 540
1 2 211
1 3 482
1 3 326
2 4 452
1 3 734
1 2 447
1 2 992
2 4 699
1 2 692
2 3 916
2 3 379
2 4 154
1 3 283
2 3 379
2 4 37
2 3 957
2 4 442
1 2 200
2 4 251
2 3 398
2 4 311
1 3 746
2 3 431
1 3 659
1 2 668
99
0 0
10 202
20 14
30 506
40 95
50 202
60 47
70 561
80 82
90 110
100 24
110 272
120 95
130 82
140 77
150 651
160 29
170 788
180 91
190 169
200 4
210 612
220 23
230 25
240 7
250 516
260 11
270 579
280 13
290 705
300 56
310 180
320 82
330 563
340 88
350 368
360 41
370 775
380 15
390 260
400 51
410 321
420 50
430 214
440 46
450 562
460 22
470 276
480 63
490 305
500 66
510 414
520 46
530 846
540 0
550 522
560 37
570 790
580 72
590 213
600 41
610 366
620 97
630 493
640 81
650 613
660 79
670 514
680 27
690 646
700 0
710 509
720 10
730 707
740 3
750 105
760 17
770 402
780 54
790 826
800 66
810 507
820 76
830 570
840 62
850 569
860 82
870 764
880 35
890 678
900 68
910 313
920 64
930 421
940 5
950 517
960 69
970 127
980 3
990 77
1000 0
1 3 790
2 4 771
2 4 421
2 3 818
1 2 638
1 3 344
2 3 689
1 3 597
2 3 859
2 3 568
1 3 342
1 2 863
2 4 369
1 2 771
1 3 170
1 2 747
1 2 302
2 3 353
2 3 972
1 2 994
2 3 979
1 2 717
1 3 350
2 3 812
1 2 188
1 2 464
1 3 469
1 2 568
2 3 258
2 3 925
1 2 240
1 2 820
2 3 11
2 4 772
1 3 111
1 3 305
2 4 374
2 3 267
1 2 350
1 2 698
2 3 210
1 2 305
2 3 699
2 3 441
1 2 771
1 2 484
2 3 611
2 3 826
2 4 779
2 4 662
2 3 512
1 3 193
1 2 28
2 3 833
2 4 832
2 3 902
1 3 946
2 4 314
1 3 739
2 4 497
2 4 766
1 2 472
1 2 725
1 3 120
2 4 875
1 2 613
1 2 595
2 3 129
1 3 737
2 3 657
2 4 486
2 4 616
1 2 477
2 3 718
1 3 896
1 3 51
2 4 826
1 2 818
2 4 948
2 4 344
2 4 249
2 4 259
1 2 283
1 2 154
1 3 227
1 2 383
1 2 323
1 3 111
1 3 205
2 4 823
1 2 907
1 2 260
1 3 601
1 2 420
1 3 415
1 2 42
1 3 840
2 3 323
1 2 814
99
0 0
10 10
20 20
30 30
40 40
50 50
60 60
70 70
80 80
90 90
100 100
110 110
120 120
130 130
140 140
150 150
160 160
170 170
180 180
190 190
200 200
210 210
220 220
230 230
240 240
250 250
260 260
270 270
280 280
290 290
300 300
310 310
320 320
330 330
340 340
350 350
360 360
370 370
380 380
390 390
400 400
410 410
420 420
430 430
440 440
450 450
460 460
470 470
480 480
490 490
500 500
510 510
520 520
530 530
540 540
550 550
560 560
570 570
580 580
590 590
600 600
610 610
620 620
630 630
640 640
650 650
660 660
670 670
680 680
690 690
700 700
710 710
720 720
730 730
740 740
750 750
760 760
770 770
780 780
790 790
800 800
810 810
820 820
830 830
840 840
850 850
860 860
870 870
880 880
890 890
900 900
910 910
920 920
930 930
940 940
950 950
960 960
970 970
980 980
990 990
1000 0
2 3 442
1 2 666
1 2 695
1 2 729
2 3 423
2 3 944
1 3 713
2 4 404
2 4 904
2 4 506
1 2 121
2 4 928
2 3 598
1 2 321
2 3 493
1 2 110
2 4 534
1 2 405
1 3 22
1 3 462
2 4 305
1 2 725
1 3 977
1 3 808
1 3 105
1 3 254
2 3 88
1 2 139
1 3 748
2 3 678
1 3 725
2 3 84
2 3 96
1 3 736
1 2 840
1 2 472
1 3 378
1 2 67
2 4 23
2 3 600
1 3 554
1 3 33
2 4 913
1 3 185
2 3 602
1 2 96
1 2 295
2 4 221
1 3 278
2 4 484
2 3 88
2 4 231
2 3 917
2 4 321
2 4 362
2 4 513
2 4 267
2 4 460
2 3 162
2 4 445
2 3 281
1 3 706
2 4 434
1 2 954
1 3 555
2 3 158
2 4 679
1 3 714
1 3 789
1 2 761
1 3 967
2 3 630
2 3 318
2 3 524
2 3 419
2 4 720
2 3 754
2 4 733
2 4 347
2 4 486
1 2 276
2 4 271
2 3 676
2 4 250
1 2 977
1 2 870
1 2 304
1 3 198
1 2 451
1 3 860
1 3 436
2 3 50
2 4 433
1 2 749
2 3 253
2 3 548
2 4 212
1 2 668
2 4 279
0

